Lattice name=Lambda12max
GramMat = 
[4,-2,0,0,0,0,0,0,0,0,0,0]
[-2,4,-2,2,0,0,0,0,0,0,0,0]
[0,-2,4,0,0,2,0,0,0,0,0,0]
[0,2,0,4,2,2,0,0,0,0,0,0]
[0,0,0,2,4,2,0,0,2,1,0,0]
[0,0,2,2,2,4,2,2,1,2,0,0]
[0,0,0,0,0,2,4,2,0,2,0,0]
[0,0,0,0,0,2,2,4,0,2,0,0]
[0,0,0,0,2,1,0,0,4,2,0,0]
[0,0,0,0,1,2,2,2,2,4,2,2]
[0,0,0,0,0,0,0,0,0,2,4,2]
[0,0,0,0,0,0,0,0,0,2,2,4]
  Rigidity degree = 1
  1860 edges of Delaunay
  3 orbits of edges
    |O1|=36 V=[0,0,-1,0,0,0,0,0,0,0,0,0]
    |O2|=288 V=[0,-1,-2,0,-1,2,-1,-1,0,0,0,0]
    |O3|=1536 V=[-1,-2,-3,1,-2,3,-1,-1,1,-1,1,0]
  8  orbits of belts
    |O1|=
1728  V1=[0,0,1,0,0,0,0,0,0,0,0,0] V2=[0,-1,-2,0,-1,2,-1,-1,0,0,0,0] V3=[0,1,1\
,0,1,-2,1,1,0,0,0,0]
    |O2|=
13824  V1=[0,0,1,0,0,0,0,0,0,0,0,0] V2=[-1,-2,-3,1,-2,3,-1,-1,1,-1,1,0] V3=[1,\
2,2,-1,2,-3,1,1,-1,1,-1,0]
    |O3|=
48  V1=[0,0,1,0,0,0,0,0,0,0,0,0] V2=[0,1,0,-1,0,0,0,0,0,0,0,0] V3=[0,-1,-1,1,0\
,0,0,0,0,0,0,0]
    |O4|=
1536  V1=[0,1,2,0,1,-2,1,1,0,0,0,0] V2=[0,0,-1,0,0,1,0,-1,0,0,0,0] V3=[0,-1,-1\
,0,-1,1,-1,0,0,0,0,0]
    |O5|=
18432  V1=[0,1,2,0,1,-2,1,1,0,0,0,0] V2=[-1,-2,-2,1,-1,1,0,0,1,-1,1,0] V3=[1,1\
,0,-1,0,1,-1,-1,-1,1,-1,0]
    |O6|=
768  V1=[0,1,2,0,1,-2,1,1,0,0,0,0] V2=[0,-1,-1,1,-1,0,0,0,1,0,0,0] V3=[0,0,-1,\
-1,0,2,-1,-1,-1,0,0,0]
    |O7|=
36864  V1=[0,1,2,0,1,-2,1,1,0,0,0,0] V2=[0,0,0,1,0,-1,0,0,1,0,0,0] V3=[0,-1,-2\
,-1,-1,3,-1,-1,-1,0,0,0]
    |O8|=
18432  V1=[0,1,2,0,1,-2,1,1,0,0,0,0] V2=[-1,-2,-3,1,-2,3,-1,-1,1,-1,1,0] V3=[1\
,1,1,-1,1,-1,0,0,-1,1,-1,0]
  0 orbits of free vectors

Lattice name=Dual_Lambda12max
GramMat = 
[6,10,11,-3,8,-12,2,2,-4,6,-2,-2]
[10,20,22,-6,16,-24,4,4,-8,12,-4,-4]
[11,22,30,-3,20,-36,6,6,-10,18,-6,-6]
[-3,-6,-3,6,-4,0,0,0,2,0,0,0]
[8,16,20,-4,16,-24,4,4,-8,12,-4,-4]
[-12,-24,-36,0,-24,48,-8,-8,12,-24,8,8]
[2,4,6,0,4,-8,4,2,0,0,0,0]
[2,4,6,0,4,-8,2,4,0,0,0,0]
[-4,-8,-10,2,-8,12,0,0,8,-12,4,4]
[6,12,18,0,12,-24,0,0,-12,24,-8,-8]
[-2,-4,-6,0,-4,8,0,0,4,-8,4,2]
[-2,-4,-6,0,-4,8,0,0,4,-8,2,4]
  Rigidity degree = 1
  804 edges of Delaunay
  2 orbits of edges
    |O1|=768 V=[0,1,0,1,0,0,-1,0,0,0,1,0]
    |O2|=36 V=[0,0,0,0,0,0,0,0,0,0,0,-1]
  4  orbits of belts
    |O1|=
6912  V1=[0,-1,0,-1,0,0,1,0,0,0,-1,0] V2=[0,1,0,1,0,0,-1,0,0,-1,-1,-1] V3=[0,0\
,0,0,0,0,0,0,0,1,2,1]
    |O2|=
16384  V1=[0,-1,0,-1,0,0,1,0,0,0,-1,0] V2=[-1,1,0,1,0,0,0,0,0,0,0,0] V3=[1,0,0\
,0,0,0,-1,0,0,0,1,0]
    |O3|=
6912  V1=[0,-1,0,-1,0,0,1,0,0,0,-1,0] V2=[0,0,0,0,0,0,0,0,0,0,0,-1] V3=[0,1,0,\
1,0,0,-1,0,0,0,1,1]
    |O4|=
48  V1=[0,0,0,0,0,0,0,0,0,0,0,1] V2=[0,0,0,0,0,0,0,0,0,1,1,1] V3=[0,0,0,0,0,0,\
0,0,0,-1,-1,-2]
  0 orbits of free vectors

Lattice name=Lambda12mid
GramMat = 
[4,2,0,0,0,-2,0,0,0,0,0,0]
[2,4,-2,-2,0,-2,0,0,0,0,0,1]
[0,-2,4,0,-2,0,0,0,0,0,0,-2]
[0,-2,0,4,0,0,0,0,0,0,0,0]
[0,0,-2,0,4,0,0,0,1,-1,0,1]
[-2,-2,0,0,0,4,-2,0,-1,0,0,0]
[0,0,0,0,0,-2,4,-2,0,0,0,0]
[0,0,0,0,0,0,-2,4,0,0,0,-1]
[0,0,0,0,1,-1,0,0,4,0,-2,1]
[0,0,0,0,-1,0,0,0,0,4,0,0]
[0,0,0,0,0,0,0,0,-2,0,4,0]
[0,1,-2,0,1,0,0,-1,1,0,0,4]
  Rigidity degree = 1
