return rec(
  EXT := [ [ 1, 0, 0, 0, 0, 0, 0 ], [ 1, 0, 0, 0, 0, 1, 0 ], [ 1, 0, 0, 0, 1, 0, 0 ], [ 1, 0, 0, 0, 1, 1, 0 ], 
      [ 1, 0, 0, 1, 0, 0, 0 ], [ 1, 0, 0, 1, 0, 1, 0 ], [ 1, 0, 0, 1, 1, 0, 0 ], [ 1, 0, 0, 1, 1, 1, 0 ], 
      [ 1, 0, 1, 0, 0, 0, 0 ], [ 1, 0, 1, 0, 0, 1, 0 ], [ 1, 0, 1, 0, 1, 0, 0 ], [ 1, 0, 1, 0, 1, 1, 0 ], 
      [ 1, 0, 1, 1, 0, 0, 0 ], [ 1, 0, 1, 1, 0, 1, 0 ], [ 1, 0, 1, 1, 1, 0, 0 ], [ 1, 0, 1, 1, 1, 1, 0 ], 
      [ 1, 1, 0, 0, 0, 0, 0 ], [ 1, 1, 0, 0, 0, 1, 0 ], [ 1, 1, 0, 0, 1, 0, 0 ], [ 1, 1, 0, 0, 1, 1, 0 ], 
      [ 1, 1, 0, 1, 0, 0, 0 ], [ 1, 1, 0, 1, 0, 1, 0 ], [ 1, 1, 0, 1, 1, 0, 0 ], [ 1, 1, 0, 1, 1, 1, 0 ], 
      [ 1, 1, 1, 0, 0, 0, 0 ], [ 1, 1, 1, 0, 0, 1, 0 ], [ 1, 1, 1, 0, 1, 0, 0 ], [ 1, 1, 1, 0, 1, 1, 0 ], 
      [ 1, 1, 1, 1, 0, 0, 0 ], [ 1, 1, 1, 1, 0, 1, 0 ], [ 1, 1, 1, 1, 1, 0, 0 ], [ 1, 1, 1, 1, 1, 1, 0 ] ],
  ListAdjacentVert := [ [ 1, -1, 0, 0, 0, 0, 0 ], [ 1, -1, 0, 0, 0, 1, 0 ], [ 1, -1, 0, 0, 1, 0, 0 ], 
      [ 1, -1, 0, 1, 0, 0, 0 ], [ 1, -1, 1, 0, 0, 0, 0 ], [ 1, 2, 0, 0, 0, 0, 0 ], [ 1, -1, 0, 0, 1, 1, 0 ], 
      [ 1, -1, 0, 1, 0, 1, 0 ], [ 1, -1, 1, 0, 0, 1, 0 ], [ 1, 2, 0, 0, 0, 1, 0 ], [ 1, -1, 0, 1, 1, 0, 0 ], 
      [ 1, -1, 1, 0, 1, 0, 0 ], [ 1, 2, 0, 0, 1, 0, 0 ], [ 1, -1, 1, 1, 0, 0, 0 ], [ 1, 2, 0, 1, 0, 0, 0 ], 
      [ 1, 2, 1, 0, 0, 0, 0 ], [ 1, -1, 0, 1, 1, 1, 0 ], [ 1, -1, 1, 0, 1, 1, 0 ], [ 1, 2, 0, 0, 1, 1, 0 ], 
      [ 1, -1, 1, 1, 0, 1, 0 ], [ 1, 2, 0, 1, 0, 1, 0 ], [ 1, 2, 1, 0, 0, 1, 0 ], [ 1, -1, 1, 1, 1, 0, 0 ], 
      [ 1, 2, 0, 1, 1, 0, 0 ], [ 1, 2, 1, 0, 1, 0, 0 ], [ 1, 2, 1, 1, 0, 0, 0 ], [ 1, -1, 1, 1, 1, 1, 0 ], 
      [ 1, 2, 0, 1, 1, 1, 0 ], [ 1, 2, 1, 0, 1, 1, 0 ], [ 1, 2, 1, 1, 0, 1, 0 ], [ 1, 2, 1, 1, 1, 0, 0 ], 
      [ 1, 2, 1, 1, 1, 1, 0 ], [ 1, 0, -1, 0, 0, 0, 0 ], [ 1, 0, -1, 0, 0, 1, 0 ], [ 1, 0, -1, 0, 1, 0, 0 ], 
      [ 1, 0, -1, 1, 0, 0, 0 ], [ 1, 0, 2, 0, 0, 0, 0 ], [ 1, 1, -1, 0, 0, 0, 0 ], [ 1, 0, -1, 0, 1, 1, 0 ], 
      [ 1, 0, -1, 1, 0, 1, 0 ], [ 1, 0, 2, 0, 0, 1, 0 ], [ 1, 1, -1, 0, 0, 1, 0 ], [ 1, 0, -1, 1, 1, 0, 0 ], 
      [ 1, 0, 2, 0, 1, 0, 0 ], [ 1, 1, -1, 0, 1, 0, 0 ], [ 1, 0, 2, 1, 0, 0, 0 ], [ 1, 1, -1, 1, 0, 0, 0 ], 
      [ 1, 1, 2, 0, 0, 0, 0 ], [ 1, 0, -1, 1, 1, 1, 0 ], [ 1, 0, 2, 0, 1, 1, 0 ], [ 1, 1, -1, 0, 1, 1, 0 ], 
      [ 1, 0, 2, 1, 0, 1, 0 ], [ 1, 1, -1, 1, 0, 1, 0 ], [ 1, 1, 2, 0, 0, 1, 0 ], [ 1, 0, 2, 1, 1, 0, 0 ], 
      [ 1, 1, -1, 1, 1, 0, 0 ], [ 1, 1, 2, 0, 1, 0, 0 ], [ 1, 1, 2, 1, 0, 0, 0 ], [ 1, 0, 2, 1, 1, 1, 0 ], 
      [ 1, 1, -1, 1, 1, 1, 0 ], [ 1, 1, 2, 0, 1, 1, 0 ], [ 1, 1, 2, 1, 0, 1, 0 ], [ 1, 1, 2, 1, 1, 0, 0 ], 
      [ 1, 1, 2, 1, 1, 1, 0 ], [ 1, 0, 0, -1, 0, 0, 0 ], [ 1, 0, 0, -1, 0, 1, 0 ], [ 1, 0, 0, -1, 1, 0, 0 ], 
      [ 1, 0, 0, 2, 0, 0, 0 ], [ 1, 0, 1, -1, 0, 0, 0 ], [ 1, 1, 0, -1, 0, 0, 0 ], [ 1, 0, 0, -1, 1, 1, 0 ], 
      [ 1, 0, 0, 2, 0, 1, 0 ], [ 1, 0, 1, -1, 0, 1, 0 ], [ 1, 1, 0, -1, 0, 1, 0 ], [ 1, 0, 0, 2, 1, 0, 0 ], 
      [ 1, 0, 1, -1, 1, 0, 0 ], [ 1, 1, 0, -1, 1, 0, 0 ], [ 1, 0, 1, 2, 0, 0, 0 ], [ 1, 1, 0, 2, 0, 0, 0 ], 
      [ 1, 1, 1, -1, 0, 0, 0 ], [ 1, 0, 0, 2, 1, 1, 0 ], [ 1, 0, 1, -1, 1, 1, 0 ], [ 1, 1, 0, -1, 1, 1, 0 ], 
      [ 1, 0, 1, 2, 0, 1, 0 ], [ 1, 1, 0, 2, 0, 1, 0 ], [ 1, 1, 1, -1, 0, 1, 0 ], [ 1, 0, 1, 2, 1, 0, 0 ], 
      [ 1, 1, 0, 2, 1, 0, 0 ], [ 1, 1, 1, -1, 1, 0, 0 ], [ 1, 1, 1, 2, 0, 0, 0 ], [ 1, 0, 1, 2, 1, 1, 0 ], 
      [ 1, 1, 0, 2, 1, 1, 0 ], [ 1, 1, 1, -1, 1, 1, 0 ], [ 1, 1, 1, 2, 0, 1, 0 ], [ 1, 1, 1, 2, 1, 0, 0 ], 
      [ 1, 1, 1, 2, 1, 1, 0 ], [ 1, 0, 0, 0, -1, 0, 0 ], [ 1, 0, 0, 0, -1, 1, 0 ], [ 1, 0, 0, 0, 2, 0, 0 ], 
      [ 1, 0, 0, 1, -1, 0, 0 ], [ 1, 0, 1, 0, -1, 0, 0 ], [ 1, 1, 0, 0, -1, 0, 0 ], [ 1, 0, 0, 0, 2, 1, 0 ], 
      [ 1, 0, 0, 1, -1, 1, 0 ], [ 1, 0, 1, 0, -1, 1, 0 ], [ 1, 1, 0, 0, -1, 1, 0 ], [ 1, 0, 0, 1, 2, 0, 0 ], 
      [ 1, 0, 1, 0, 2, 0, 0 ], [ 1, 1, 0, 0, 2, 0, 0 ], [ 1, 0, 1, 1, -1, 0, 0 ], [ 1, 1, 0, 1, -1, 0, 0 ], 
      [ 1, 1, 1, 0, -1, 0, 0 ], [ 1, 0, 0, 1, 2, 1, 0 ], [ 1, 0, 1, 0, 2, 1, 0 ], [ 1, 1, 0, 0, 2, 1, 0 ], 
      [ 1, 0, 1, 1, -1, 1, 0 ], [ 1, 1, 0, 1, -1, 1, 0 ], [ 1, 1, 1, 0, -1, 1, 0 ], [ 1, 0, 1, 1, 2, 0, 0 ], 
      [ 1, 1, 0, 1, 2, 0, 0 ], [ 1, 1, 1, 0, 2, 0, 0 ], [ 1, 1, 1, 1, -1, 0, 0 ], [ 1, 0, 1, 1, 2, 1, 0 ], 
      [ 1, 1, 0, 1, 2, 1, 0 ], [ 1, 1, 1, 0, 2, 1, 0 ], [ 1, 1, 1, 1, -1, 1, 0 ], [ 1, 1, 1, 1, 2, 0, 0 ], 
      [ 1, 1, 1, 1, 2, 1, 0 ], [ 1, 0, 0, 0, 0, -1, 0 ], [ 1, 0, 0, 0, 0, 2, 0 ], [ 1, 0, 0, 0, 1, -1, 0 ], 
      [ 1, 0, 0, 1, 0, -1, 0 ], [ 1, 0, 1, 0, 0, -1, 0 ], [ 1, 1, 0, 0, 0, -1, 0 ], [ 1, 0, 0, 0, 1, 2, 0 ], 
      [ 1, 0, 0, 1, 0, 2, 0 ], [ 1, 0, 1, 0, 0, 2, 0 ], [ 1, 1, 0, 0, 0, 2, 0 ], [ 1, 0, 0, 1, 1, -1, 0 ], 
      [ 1, 0, 1, 0, 1, -1, 0 ], [ 1, 1, 0, 0, 1, -1, 0 ], [ 1, 0, 1, 1, 0, -1, 0 ], [ 1, 1, 0, 1, 0, -1, 0 ], 
      [ 1, 1, 1, 0, 0, -1, 0 ], [ 1, 0, 0, 1, 1, 2, 0 ], [ 1, 0, 1, 0, 1, 2, 0 ], [ 1, 1, 0, 0, 1, 2, 0 ], 
      [ 1, 0, 1, 1, 0, 2, 0 ], [ 1, 1, 0, 1, 0, 2, 0 ], [ 1, 1, 1, 0, 0, 2, 0 ], [ 1, 0, 1, 1, 1, -1, 0 ], 
      [ 1, 1, 0, 1, 1, -1, 0 ], [ 1, 1, 1, 0, 1, -1, 0 ], [ 1, 1, 1, 1, 0, -1, 0 ], [ 1, 0, 1, 1, 1, 2, 0 ], 
      [ 1, 1, 0, 1, 1, 2, 0 ], [ 1, 1, 1, 0, 1, 2, 0 ], [ 1, 1, 1, 1, 0, 2, 0 ], [ 1, 1, 1, 1, 1, -1, 0 ], 
      [ 1, 1, 1, 1, 1, 2, 0 ], [ 1, 0, 0, 0, 0, 0, 0 ], [ 1, 0, 0, 0, 0, 1, 0 ], [ 1, 0, 0, 0, 1, 0, 0 ], 
      [ 1, 0, 0, 0, 1, 1, 0 ], [ 1, 0, 0, 1, 0, 0, 0 ], [ 1, 0, 0, 1, 0, 1, 0 ], [ 1, 0, 0, 1, 1, 0, 0 ], 
      [ 1, 0, 0, 1, 1, 1, 0 ], [ 1, 0, 1, 0, 0, 0, 0 ], [ 1, 0, 1, 0, 0, 1, 0 ], [ 1, 0, 1, 0, 1, 0, 0 ], 
      [ 1, 0, 1, 0, 1, 1, 0 ], [ 1, 0, 1, 1, 0, 0, 0 ], [ 1, 0, 1, 1, 0, 1, 0 ], [ 1, 0, 1, 1, 1, 0, 0 ], 
      [ 1, 0, 1, 1, 1, 1, 0 ], [ 1, 1, 0, 0, 0, 0, 0 ], [ 1, 1, 0, 0, 0, 1, 0 ], [ 1, 1, 0, 0, 1, 0, 0 ], 
      [ 1, 1, 0, 0, 1, 1, 0 ], [ 1, 1, 0, 1, 0, 0, 0 ], [ 1, 1, 0, 1, 0, 1, 0 ], [ 1, 1, 0, 1, 1, 0, 0 ], 
      [ 1, 1, 0, 1, 1, 1, 0 ], [ 1, 1, 1, 0, 0, 0, 0 ], [ 1, 1, 1, 0, 0, 1, 0 ], [ 1, 1, 1, 0, 1, 0, 0 ], 
      [ 1, 1, 1, 0, 1, 1, 0 ], [ 1, 1, 1, 1, 0, 0, 0 ], [ 1, 1, 1, 1, 0, 1, 0 ], [ 1, 1, 1, 1, 1, 0, 0 ], 
      [ 1, 1, 1, 1, 1, 1, 0 ] ],
  TheQuadForm := [ [ 32, 0, 0, 0, 0, 0 ], [ 0, 16, 0, 0, 0, 0 ], [ 0, 0, 8, 0, 0, 0 ], [ 0, 0, 0, 4, 0, 0 ], 
      [ 0, 0, 0, 0, 2, 0 ], [ 0, 0, 0, 0, 0, 0 ] ],
  TheQuadFunction := [ [ 0, -16, -8, -4, -2, -1, 0 ], [ -16, 32, 0, 0, 0, 0, 0 ], [ -8, 0, 16, 0, 0, 0, 0 ], 
      [ -4, 0, 0, 8, 0, 0, 0 ], [ -2, 0, 0, 0, 4, 0, 0 ], [ -1, 0, 0, 0, 0, 2, 0 ], [ 0, 0, 0, 0, 0, 0, 0 ] ],
  TheStab := rec(
      GRPperm := Group( [ ( 3, 5)( 4, 6)(11,13)(12,14)(19,21)(20,22)(27,29)(28,30), 
          ( 9,17)(10,18)(11,19)(12,20)(13,21)(14,22)(15,23)(16,24), ( 5, 9)( 6,10)( 7,11)( 8,12)(21,25)(22,26)(23,27)
            (24,28), ( 1, 2)( 3, 4)( 5, 6)( 7, 8)( 9,10)(11,12)(13,14)(15,16)(17,18)(19,20)(21,22)(23,24)(25,26)
            (27,28)(29,30)(31,32), ( 1, 3)( 2, 4)( 5, 7)( 6, 8)( 9,11)(10,12)(13,15)(14,16)(17,19)(18,20)(21,23)
            (22,24)(25,27)(26,28)(29,31)(30,32) ] ),
      TheMatrGRP := 
       Group([ [ [ 1, 0, 0, 0, 0, 0, 0 ], [ 0, 1, 0, 0, 0, 0, 0 ], [ 0, 0, 1, 0, 0, 0, 0 ], [ 0, 0, 0, 0, 1, 0, 0 ], 
              [ 0, 0, 0, 1, 0, 0, 0 ], [ 0, 0, 0, 0, 0, 1, 0 ], [ 0, 0, 0, 0, 0, 0, 1 ] ], 
          [ [ 1, 0, 0, 0, 0, 0, 0 ], [ 0, 0, 1, 0, 0, 0, 1 ], [ 0, 1, 0, 0, 0, 0, -1 ], [ 0, 0, 0, 1, 0, 0, 0 ], 
              [ 0, 0, 0, 0, 1, 0, 0 ], [ 0, 0, 0, 0, 0, 1, 0 ], [ 0, 0, 0, 0, 0, 0, 1 ] ], 
          [ [ 1, 0, 0, 0, 0, 0, 0 ], [ 0, 1, 0, 0, 0, 0, 0 ], [ 0, 0, 0, 1, 0, 0, 0 ], [ 0, 0, 1, 0, 0, 0, 0 ], 
              [ 0, 0, 0, 0, 1, 0, 0 ], [ 0, 0, 0, 0, 0, 1, 0 ], [ 0, 0, 0, 0, 0, 0, 1 ] ], 
          [ [ 1, 0, 0, 0, 0, 1, 0 ], [ 0, 1, 0, 0, 0, 0, 0 ], [ 0, 0, 1, 0, 0, 0, 0 ], [ 0, 0, 0, 1, 0, 0, 0 ], 
              [ 0, 0, 0, 0, 1, 0, 0 ], [ 0, 0, 0, 0, 0, -1, 0 ], [ 0, 0, 0, 0, 0, 0, 1 ] ], 
          [ [ 1, 0, 0, 0, 1, 0, 0 ], [ 0, 1, 0, 0, 0, 0, 0 ], [ 0, 0, 1, 0, 0, 0, 0 ], [ 0, 0, 0, 1, 0, 0, 0 ], 
              [ 0, 0, 0, 0, -1, 0, 0 ], [ 0, 0, 0, 0, 0, 1, 0 ], [ 0, 0, 0, 0, 0, 0, 1 ] ] ]),
      phi := GroupHomomorphismByImages( Group( [ ( 3, 5)( 4, 6)(11,13)(12,14)(19,21)(20,22)(27,29)(28,30), 
          ( 9,17)(10,18)(11,19)(12,20)(13,21)(14,22)(15,23)(16,24), ( 5, 9)( 6,10)( 7,11)( 8,12)(21,25)(22,26)(23,27)
            (24,28), ( 1, 2)( 3, 4)( 5, 6)( 7, 8)( 9,10)(11,12)(13,14)(15,16)(17,18)(19,20)(21,22)(23,24)(25,26)
            (27,28)(29,30)(31,32), ( 1, 3)( 2, 4)( 5, 7)( 6, 8)( 9,11)(10,12)(13,15)(14,16)(17,19)(18,20)(21,23)
            (22,24)(25,27)(26,28)(29,31)(30,32) ] ), Group(
        [ [ [ 1, 0, 0, 0, 0, 0, 0 ], [ 0, 1, 0, 0, 0, 0, 0 ], [ 0, 0, 1, 0, 0, 0, 0 ], [ 0, 0, 0, 0, 1, 0, 0 ], 
              [ 0, 0, 0, 1, 0, 0, 0 ], [ 0, 0, 0, 0, 0, 1, 0 ], [ 0, 0, 0, 0, 0, 0, 1 ] ], 
          [ [ 1, 0, 0, 0, 0, 0, 0 ], [ 0, 0, 1, 0, 0, 0, 1 ], [ 0, 1, 0, 0, 0, 0, -1 ], [ 0, 0, 0, 1, 0, 0, 0 ], 
              [ 0, 0, 0, 0, 1, 0, 0 ], [ 0, 0, 0, 0, 0, 1, 0 ], [ 0, 0, 0, 0, 0, 0, 1 ] ], 
          [ [ 1, 0, 0, 0, 0, 0, 0 ], [ 0, 1, 0, 0, 0, 0, 0 ], [ 0, 0, 0, 1, 0, 0, 0 ], [ 0, 0, 1, 0, 0, 0, 0 ], 
              [ 0, 0, 0, 0, 1, 0, 0 ], [ 0, 0, 0, 0, 0, 1, 0 ], [ 0, 0, 0, 0, 0, 0, 1 ] ], 
          [ [ 1, 0, 0, 0, 0, 1, 0 ], [ 0, 1, 0, 0, 0, 0, 0 ], [ 0, 0, 1, 0, 0, 0, 0 ], [ 0, 0, 0, 1, 0, 0, 0 ], 
              [ 0, 0, 0, 0, 1, 0, 0 ], [ 0, 0, 0, 0, 0, -1, 0 ], [ 0, 0, 0, 0, 0, 0, 1 ] ], 
          [ [ 1, 0, 0, 0, 1, 0, 0 ], [ 0, 1, 0, 0, 0, 0, 0 ], [ 0, 0, 1, 0, 0, 0, 0 ], [ 0, 0, 0, 1, 0, 0, 0 ], 
              [ 0, 0, 0, 0, -1, 0, 0 ], [ 0, 0, 0, 0, 0, 1, 0 ], [ 0, 0, 0, 0, 0, 0, 1 ] ] ]), 
        [ ( 3, 5)( 4, 6)(11,13)(12,14)(19,21)(20,22)(27,29)(28,30), ( 9,17)(10,18)(11,19)(12,20)(13,21)(14,22)(15,23)
            (16,24), ( 5, 9)( 6,10)( 7,11)( 8,12)(21,25)(22,26)(23,27)(24,28), ( 1, 2)( 3, 4)( 5, 6)( 7, 8)( 9,10)
            (11,12)(13,14)(15,16)(17,18)(19,20)(21,22)(23,24)(25,26)(27,28)(29,30)(31,32), 
          ( 1, 3)( 2, 4)( 5, 7)( 6, 8)( 9,11)(10,12)(13,15)(14,16)(17,19)(18,20)(21,23)(22,24)(25,27)(26,28)(29,31)
            (30,32) ], 
        [ [ [ 1, 0, 0, 0, 0, 0, 0 ], [ 0, 1, 0, 0, 0, 0, 0 ], [ 0, 0, 1, 0, 0, 0, 0 ], [ 0, 0, 0, 0, 1, 0, 0 ], 
              [ 0, 0, 0, 1, 0, 0, 0 ], [ 0, 0, 0, 0, 0, 1, 0 ], [ 0, 0, 0, 0, 0, 0, 1 ] ], 
          [ [ 1, 0, 0, 0, 0, 0, 0 ], [ 0, 0, 1, 0, 0, 0, 1 ], [ 0, 1, 0, 0, 0, 0, -1 ], [ 0, 0, 0, 1, 0, 0, 0 ], 
              [ 0, 0, 0, 0, 1, 0, 0 ], [ 0, 0, 0, 0, 0, 1, 0 ], [ 0, 0, 0, 0, 0, 0, 1 ] ], 
          [ [ 1, 0, 0, 0, 0, 0, 0 ], [ 0, 1, 0, 0, 0, 0, 0 ], [ 0, 0, 0, 1, 0, 0, 0 ], [ 0, 0, 1, 0, 0, 0, 0 ], 
              [ 0, 0, 0, 0, 1, 0, 0 ], [ 0, 0, 0, 0, 0, 1, 0 ], [ 0, 0, 0, 0, 0, 0, 1 ] ], 
          [ [ 1, 0, 0, 0, 0, 1, 0 ], [ 0, 1, 0, 0, 0, 0, 0 ], [ 0, 0, 1, 0, 0, 0, 0 ], [ 0, 0, 0, 1, 0, 0, 0 ], 
              [ 0, 0, 0, 0, 1, 0, 0 ], [ 0, 0, 0, 0, 0, -1, 0 ], [ 0, 0, 0, 0, 0, 0, 1 ] ], 
          [ [ 1, 0, 0, 0, 1, 0, 0 ], [ 0, 1, 0, 0, 0, 0, 0 ], [ 0, 0, 1, 0, 0, 0, 0 ], [ 0, 0, 0, 1, 0, 0, 0 ], 
              [ 0, 0, 0, 0, -1, 0, 0 ], [ 0, 0, 0, 0, 0, 1, 0 ], [ 0, 0, 0, 0, 0, 0, 1 ] ] ] ) ),
  VectSpace := [ [ 0, 0, 0, 0, 0, 1 ] ],
  n := 6 );
