return rec(
  EXT := [ [ 1, 1, 0, 0, 0, 1, -1 ], [ 1, 1, 0, 0, 1, 1, -1 ], [ 1, 1, 0, 1, 1, 0, -1 ], [ 1, 1, 0, 1, 0, 1, -1 ], 
      [ 1, 1, 1, 0, 1, 0, -1 ], [ 1, 1, 1, 0, 0, 1, -1 ], [ 1, 1, 1, 1, 0, 0, -1 ], [ 1, 1, 1, 1, 1, 0, -1 ], 
      [ 1, 0, 0, 0, 1, 1, 0 ], [ 1, 0, 0, 0, 0, 2, 0 ], [ 1, 0, 0, 1, 0, 1, 0 ], [ 1, 0, 0, 1, 1, 1, 0 ], 
      [ 1, 0, 1, 0, 0, 1, 0 ], [ 1, 0, 1, 0, 1, 1, 0 ], [ 1, 0, 1, 1, 1, 0, 0 ], [ 1, 0, 1, 1, 0, 1, 0 ] ],
  ListAdjacentVert := [ [ 1, 0, 0, 0, 0, 1, 0 ], [ 1, 0, 0, 0, -1, 2, 0 ], [ 1, 0, 0, -1, 0, 2, 0 ], 
      [ 1, 1, 1, 0, 0, 0, -1 ], [ 1, 0, 0, 0, 2, 1, 0 ], [ 1, 1, 1, 0, -1, 1, -1 ], [ 1, 0, 0, 0, 1, 2, 0 ], 
      [ 1, 0, -1, 0, 0, 2, 0 ], [ 1, 1, 1, -1, 0, 1, -1 ], [ 1, 0, 0, -1, 1, 2, 0 ], [ 1, 1, 0, 1, 0, 0, -1 ], 
      [ 1, 1, 1, 0, 2, 0, -1 ], [ 1, 0, 0, 1, 2, 0, 0 ], [ 1, 1, 0, 1, -1, 1, -1 ], [ 1, 1, 1, 0, 1, 1, -1 ], 
      [ 1, 0, 0, 2, 1, 0, 0 ], [ 1, 2, 1, 0, 0, 0, -2 ], [ 1, 0, -1, 0, 1, 2, 0 ], [ 1, 1, -1, 1, 0, 1, -1 ], 
      [ 1, 1, 1, -1, 1, 1, -1 ], [ 1, 0, 0, 1, 1, 0, 0 ], [ 1, 1, 0, -1, 0, 2, -1 ], [ 1, 1, 0, 1, 2, 0, -1 ], 
      [ 1, 1, 1, 1, 2, -1, -1 ], [ 1, 0, 0, 1, 0, 2, 0 ], [ 1, 0, 1, 0, 2, 0, 0 ], [ 1, 1, 0, 0, -1, 2, -1 ], 
      [ 1, 1, 0, 1, 1, 1, -1 ], [ 1, 1, 1, 2, 1, -1, -1 ], [ 1, 0, 0, 2, 0, 1, 0 ], [ 1, 0, 2, 0, 1, 0, 0 ], 
      [ 1, 2, 0, 1, 0, 0, -2 ], [ 1, 2, 1, 0, 1, 0, -2 ], [ 1, 0, -1, 1, 1, 1, 0 ], [ 1, 1, -1, 0, 0, 2, -1 ], 
      [ 1, 1, -1, 1, 1, 1, -1 ], [ 1, 1, 1, 1, 1, -1, -1 ], [ 1, 0, 0, 1, -1, 2, 0 ], [ 1, 0, 1, 0, 1, 0, 0 ], 
      [ 1, 1, 0, -1, 1, 1, -1 ], [ 1, 1, 1, 1, 0, 1, -1 ], [ 1, 0, 1, 0, 0, 2, 0 ], [ 1, 1, 0, 0, 1, 0, -1 ], 
      [ 1, 1, 0, 0, 0, 2, -1 ], [ 1, 1, 0, 2, 1, 0, -1 ], [ 1, 1, 1, 2, 0, 0, -1 ], [ 1, 1, 2, 1, 1, -1, -1 ], 
      [ 1, 0, 2, 0, 0, 1, 0 ], [ 1, -1, 1, 0, 1, 1, 1 ], [ 1, 2, 0, 0, 0, 1, -2 ], [ 1, 2, 0, 1, 1, 0, -2 ], 
      [ 1, 2, 1, 1, 1, -1, -2 ], [ 1, 0, -1, 1, 0, 2, 0 ], [ 1, 0, 1, -1, 1, 1, 0 ], [ 1, 1, -1, 0, 1, 1, -1 ], 
      [ 1, 1, 1, 1, -1, 1, -1 ], [ 1, 0, 1, 0, -1, 2, 0 ], [ 1, 0, 1, 2, 0, 0, 0 ], [ 1, 1, 0, 0, 2, 0, -1 ], 
      [ 1, 1, 0, 2, 0, 0, -1 ], [ 1, 1, 2, 0, 1, 0, -1 ], [ 1, 1, 2, 1, 0, 0, -1 ], [ 1, -1, 0, 1, 1, 1, 1 ], 
      [ 1, 0, 2, 1, 0, 0, 0 ], [ 1, -1, 1, 0, 0, 2, 1 ], [ 1, 2, 0, 0, 1, 0, -2 ], [ 1, 2, 1, 1, 0, 0, -2 ], 
      [ 1, 0, 1, -1, 0, 2, 0 ], [ 1, 0, 1, 1, -1, 1, 0 ], [ 1, 0, 1, 2, 1, 0, 0 ], [ 1, 1, 2, 0, 0, 0, -1 ], 
      [ 1, -1, 0, 0, 1, 2, 1 ], [ 1, -1, 0, 1, 0, 2, 1 ], [ 1, -1, 1, 1, 0, 1, 1 ], [ 1, 0, 2, 1, 1, 0, 0 ], 
      [ 1, 0, 1, 1, 0, 0, 0 ], [ 1, 0, 1, 1, 1, 1, 0 ], [ 1, -1, 0, 0, 0, 2, 1 ], [ 1, -1, 1, 1, 1, 1, 1 ], 
      [ 1, 0, 1, 1, 2, 0, 0 ], [ 1, 1, 0, 0, 0, 1, -1 ], [ 1, 1, 0, 0, 1, 1, -1 ], [ 1, 1, 0, 1, 1, 0, -1 ], 
      [ 1, 1, 0, 1, 0, 1, -1 ], [ 1, 1, 1, 0, 1, 0, -1 ], [ 1, 1, 1, 0, 0, 1, -1 ], [ 1, 1, 1, 1, 0, 0, -1 ], 
      [ 1, 1, 1, 1, 1, 0, -1 ], [ 1, 0, 0, 0, 1, 1, 0 ], [ 1, 0, 0, 0, 0, 2, 0 ], [ 1, 0, 0, 1, 0, 1, 0 ], 
      [ 1, 0, 0, 1, 1, 1, 0 ], [ 1, 0, 1, 0, 0, 1, 0 ], [ 1, 0, 1, 0, 1, 1, 0 ], [ 1, 0, 1, 1, 1, 0, 0 ], 
      [ 1, 0, 1, 1, 0, 1, 0 ] ],
  TheQuadForm := [ [ 2, 1, 1, 1, 2, 0 ], [ 1, 2, 1, 1, 2, 0 ], [ 1, 1, 2, 1, 2, 0 ], [ 1, 1, 1, 2, 2, 0 ], 
      [ 2, 2, 2, 2, 4, 0 ], [ 0, 0, 0, 0, 0, 0 ] ],
  TheQuadFunction := [ [ 12, -4, -4, -4, -4, -7, 0 ], [ -4, 2, 1, 1, 1, 2, 0 ], [ -4, 1, 2, 1, 1, 2, 0 ], 
      [ -4, 1, 1, 2, 1, 2, 0 ], [ -4, 1, 1, 1, 2, 2, 0 ], [ -7, 2, 2, 2, 2, 4, 0 ], [ 0, 0, 0, 0, 0, 0, 0 ] ],
  TheStab := rec(
      GRPperm := Group( [ ( 5, 9)( 6,10)( 7,11)( 8,12), ( 3, 5)( 4, 6)(11,13)(12,14), ( 2, 4)( 5, 7)( 9,11)(14,16), 
          ( 1, 2)( 3, 4)( 5, 6)( 7, 8)( 9,10)(11,12)(13,14)(15,16) ] ),
      TheMatrGRP := 
       Group(
        [ [ [ 1, 1, 1, 0, 0, -1, -1 ], [ 0, 0, -1, 0, 0, 1, 1 ], [ 0, -1, 0, 0, 0, 1, 1 ], [ 0, 0, 0, 1, 0, 0, 0 ], 
              [ 0, 0, 0, 0, 1, 0, 0 ], [ 0, 0, 0, 0, 0, 1, 0 ], [ 0, 0, 0, 0, 0, 0, 1 ] ], 
          [ [ 1, 0, 0, 0, 0, 0, 0 ], [ 0, 1, 0, 0, 0, 0, 0 ], [ 0, 0, 0, 1, 0, 0, 0 ], [ 0, 0, 1, 0, 0, 0, 0 ], 
              [ 0, 0, 0, 0, 1, 0, 0 ], [ 0, 0, 0, 0, 0, 1, 0 ], [ 0, 0, 0, 0, 0, 0, 1 ] ], 
          [ [ 1, 0, 0, 0, 0, 0, 0 ], [ 0, 1, 0, 0, 0, 0, 0 ], [ 0, 0, 1, 0, 0, 0, 0 ], [ 0, 0, 0, 0, 1, 0, 0 ], 
              [ 0, 0, 0, 1, 0, 0, 0 ], [ 0, 0, 0, 0, 0, 1, 0 ], [ 0, 0, 0, 0, 0, 0, 1 ] ], 
          [ [ 1, 0, 0, 0, 1, 3, 0 ], [ 0, 1, 0, 0, 0, -1, 0 ], [ 0, 0, 1, 0, 0, -1, 0 ], [ 0, 0, 0, 1, 0, -1, 0 ], 
              [ 0, 0, 0, 0, -1, 0, 0 ], [ 0, 0, 0, 0, 0, -1, 0 ], [ 0, 0, 0, 0, 0, 0, 1 ] ] ]),
      phi := GroupHomomorphismByImages( Group( [ ( 5, 9)( 6,10)( 7,11)( 8,12), ( 3, 5)( 4, 6)(11,13)(12,14), 
          ( 2, 4)( 5, 7)( 9,11)(14,16), ( 1, 2)( 3, 4)( 5, 6)( 7, 8)( 9,10)(11,12)(13,14)(15,16) ] ), Group(
        [ [ [ 1, 1, 1, 0, 0, -1, -1 ], [ 0, 0, -1, 0, 0, 1, 1 ], [ 0, -1, 0, 0, 0, 1, 1 ], [ 0, 0, 0, 1, 0, 0, 0 ], 
              [ 0, 0, 0, 0, 1, 0, 0 ], [ 0, 0, 0, 0, 0, 1, 0 ], [ 0, 0, 0, 0, 0, 0, 1 ] ], 
          [ [ 1, 0, 0, 0, 0, 0, 0 ], [ 0, 1, 0, 0, 0, 0, 0 ], [ 0, 0, 0, 1, 0, 0, 0 ], [ 0, 0, 1, 0, 0, 0, 0 ], 
              [ 0, 0, 0, 0, 1, 0, 0 ], [ 0, 0, 0, 0, 0, 1, 0 ], [ 0, 0, 0, 0, 0, 0, 1 ] ], 
          [ [ 1, 0, 0, 0, 0, 0, 0 ], [ 0, 1, 0, 0, 0, 0, 0 ], [ 0, 0, 1, 0, 0, 0, 0 ], [ 0, 0, 0, 0, 1, 0, 0 ], 
              [ 0, 0, 0, 1, 0, 0, 0 ], [ 0, 0, 0, 0, 0, 1, 0 ], [ 0, 0, 0, 0, 0, 0, 1 ] ], 
          [ [ 1, 0, 0, 0, 1, 3, 0 ], [ 0, 1, 0, 0, 0, -1, 0 ], [ 0, 0, 1, 0, 0, -1, 0 ], [ 0, 0, 0, 1, 0, -1, 0 ], 
              [ 0, 0, 0, 0, -1, 0, 0 ], [ 0, 0, 0, 0, 0, -1, 0 ], [ 0, 0, 0, 0, 0, 0, 1 ] ] ]), 
        [ ( 5, 9)( 6,10)( 7,11)( 8,12), ( 3, 5)( 4, 6)(11,13)(12,14), ( 2, 4)( 5, 7)( 9,11)(14,16), 
          ( 1, 2)( 3, 4)( 5, 6)( 7, 8)( 9,10)(11,12)(13,14)(15,16) ], 
        [ [ [ 1, 1, 1, 0, 0, -1, -1 ], [ 0, 0, -1, 0, 0, 1, 1 ], [ 0, -1, 0, 0, 0, 1, 1 ], [ 0, 0, 0, 1, 0, 0, 0 ], 
              [ 0, 0, 0, 0, 1, 0, 0 ], [ 0, 0, 0, 0, 0, 1, 0 ], [ 0, 0, 0, 0, 0, 0, 1 ] ], 
          [ [ 1, 0, 0, 0, 0, 0, 0 ], [ 0, 1, 0, 0, 0, 0, 0 ], [ 0, 0, 0, 1, 0, 0, 0 ], [ 0, 0, 1, 0, 0, 0, 0 ], 
              [ 0, 0, 0, 0, 1, 0, 0 ], [ 0, 0, 0, 0, 0, 1, 0 ], [ 0, 0, 0, 0, 0, 0, 1 ] ], 
          [ [ 1, 0, 0, 0, 0, 0, 0 ], [ 0, 1, 0, 0, 0, 0, 0 ], [ 0, 0, 1, 0, 0, 0, 0 ], [ 0, 0, 0, 0, 1, 0, 0 ], 
              [ 0, 0, 0, 1, 0, 0, 0 ], [ 0, 0, 0, 0, 0, 1, 0 ], [ 0, 0, 0, 0, 0, 0, 1 ] ], 
          [ [ 1, 0, 0, 0, 1, 3, 0 ], [ 0, 1, 0, 0, 0, -1, 0 ], [ 0, 0, 1, 0, 0, -1, 0 ], [ 0, 0, 0, 1, 0, -1, 0 ], 
              [ 0, 0, 0, 0, -1, 0, 0 ], [ 0, 0, 0, 0, 0, -1, 0 ], [ 0, 0, 0, 0, 0, 0, 1 ] ] ] ) ),
  VectSpace := [ [ 0, 0, 0, 0, 0, 1 ] ],
  n := 6 );
