return rec(
  EXT := [ [ 1, 0, 0, 0, 0, 0, 0 ], [ 1, 0, 0, 1, 0, 0, 0 ], [ 1, 0, 1, 0, 0, 0, 0 ], [ 1, 0, 1, 1, 0, 0, 0 ], 
      [ 1, 1, 0, 0, 0, 0, 0 ], [ 1, 1, 0, 1, 0, 0, 0 ], [ 1, 1, 1, 0, 0, 0, 0 ], [ 1, 1, 1, 1, 0, 0, 0 ] ],
  ListAdjacentVert := [ [ 1, -1, 0, 0, 0, 0, 0 ], [ 1, -1, 0, 1, 0, 0, 0 ], [ 1, -1, 1, 0, 0, 0, 0 ], 
      [ 1, 2, 0, 0, 0, 0, 0 ], [ 1, -1, 1, 1, 0, 0, 0 ], [ 1, 2, 0, 1, 0, 0, 0 ], [ 1, 2, 1, 0, 0, 0, 0 ], 
      [ 1, 2, 1, 1, 0, 0, 0 ], [ 1, 0, -1, 0, 0, 0, 0 ], [ 1, 0, -1, 1, 0, 0, 0 ], [ 1, 0, 2, 0, 0, 0, 0 ], 
      [ 1, 1, -1, 0, 0, 0, 0 ], [ 1, 0, 2, 1, 0, 0, 0 ], [ 1, 1, -1, 1, 0, 0, 0 ], [ 1, 1, 2, 0, 0, 0, 0 ], 
      [ 1, 1, 2, 1, 0, 0, 0 ], [ 1, 0, 0, -1, 0, 0, 0 ], [ 1, 0, 0, 2, 0, 0, 0 ], [ 1, 0, 1, -1, 0, 0, 0 ], 
      [ 1, 1, 0, -1, 0, 0, 0 ], [ 1, 0, 1, 2, 0, 0, 0 ], [ 1, 1, 0, 2, 0, 0, 0 ], [ 1, 1, 1, -1, 0, 0, 0 ], 
      [ 1, 1, 1, 2, 0, 0, 0 ], [ 1, 0, 0, 0, 0, 0, 0 ], [ 1, 0, 0, 1, 0, 0, 0 ], [ 1, 0, 1, 0, 0, 0, 0 ], 
      [ 1, 0, 1, 1, 0, 0, 0 ], [ 1, 1, 0, 0, 0, 0, 0 ], [ 1, 1, 0, 1, 0, 0, 0 ], [ 1, 1, 1, 0, 0, 0, 0 ], 
      [ 1, 1, 1, 1, 0, 0, 0 ] ],
  TheQuadForm := [ [ 8, 0, 0, 0, 0, 0 ], [ 0, 4, 0, 0, 0, 0 ], [ 0, 0, 2, 0, 0, 0 ], [ 0, 0, 0, 0, 0, 0 ], 
      [ 0, 0, 0, 0, 0, 0 ], [ 0, 0, 0, 0, 0, 0 ] ],
  TheQuadFunction := [ [ 0, -4, -2, -1, 0, 0, 0 ], [ -4, 8, 0, 0, 0, 0, 0 ], [ -2, 0, 4, 0, 0, 0, 0 ], 
      [ -1, 0, 0, 2, 0, 0, 0 ], [ 0, 0, 0, 0, 0, 0, 0 ], [ 0, 0, 0, 0, 0, 0, 0 ], [ 0, 0, 0, 0, 0, 0, 0 ] ],
  TheStab := rec(
      GRPperm := Group( [ (3,5)(4,6), (1,2)(3,4)(5,6)(7,8), (1,3)(2,4)(5,7)(6,8) ] ),
      TheMatrGRP := 
       Group(
        [ [ [ 1, 0, 0, 0, 0, 0, 0 ], [ 0, 0, 1, 0, 1, -1, 0 ], [ 0, 1, 0, 0, -1, 1, 0 ], [ 0, 0, 0, 1, 0, 0, 0 ], 
              [ 0, 0, 0, 0, 1, 0, 0 ], [ 0, 0, 0, 0, 0, 1, 0 ], [ 0, 0, 0, 0, 0, 0, 1 ] ], 
          [ [ 1, 0, 0, 1, 0, 0, -1 ], [ 0, 1, 0, 0, 0, 0, 0 ], [ 0, 0, 1, 0, 0, 0, 0 ], [ 0, 0, 0, -1, 0, 0, 2 ], 
              [ 0, 0, 0, 0, 1, 0, 0 ], [ 0, 0, 0, 0, 0, 1, 0 ], [ 0, 0, 0, 0, 0, 0, 1 ] ], 
          [ [ 1, 0, 1, 0, 0, -1, 0 ], [ 0, 1, 0, 0, 0, 0, 0 ], [ 0, 0, -1, 0, 0, 2, 0 ], [ 0, 0, 0, 1, 0, 0, 0 ], 
              [ 0, 0, 0, 0, 1, 0, 0 ], [ 0, 0, 0, 0, 0, 1, 0 ], [ 0, 0, 0, 0, 0, 0, 1 ] ] ]),
      phi := GroupHomomorphismByImages( Group( [ (3,5)(4,6), (1,2)(3,4)(5,6)(7,8), (1,3)(2,4)(5,7)(6,8) ] ), Group(
        [ [ [ 1, 0, 0, 0, 0, 0, 0 ], [ 0, 0, 1, 0, 1, -1, 0 ], [ 0, 1, 0, 0, -1, 1, 0 ], [ 0, 0, 0, 1, 0, 0, 0 ], 
              [ 0, 0, 0, 0, 1, 0, 0 ], [ 0, 0, 0, 0, 0, 1, 0 ], [ 0, 0, 0, 0, 0, 0, 1 ] ], 
          [ [ 1, 0, 0, 1, 0, 0, -1 ], [ 0, 1, 0, 0, 0, 0, 0 ], [ 0, 0, 1, 0, 0, 0, 0 ], [ 0, 0, 0, -1, 0, 0, 2 ], 
              [ 0, 0, 0, 0, 1, 0, 0 ], [ 0, 0, 0, 0, 0, 1, 0 ], [ 0, 0, 0, 0, 0, 0, 1 ] ], 
          [ [ 1, 0, 1, 0, 0, -1, 0 ], [ 0, 1, 0, 0, 0, 0, 0 ], [ 0, 0, -1, 0, 0, 2, 0 ], [ 0, 0, 0, 1, 0, 0, 0 ], 
              [ 0, 0, 0, 0, 1, 0, 0 ], [ 0, 0, 0, 0, 0, 1, 0 ], [ 0, 0, 0, 0, 0, 0, 1 ] ] ]), 
        [ (3,5)(4,6), (1,2)(3,4)(5,6)(7,8), (1,3)(2,4)(5,7)(6,8) ], 
        [ [ [ 1, 0, 0, 0, 0, 0, 0 ], [ 0, 0, 1, 0, 1, -1, 0 ], [ 0, 1, 0, 0, -1, 1, 0 ], [ 0, 0, 0, 1, 0, 0, 0 ], 
              [ 0, 0, 0, 0, 1, 0, 0 ], [ 0, 0, 0, 0, 0, 1, 0 ], [ 0, 0, 0, 0, 0, 0, 1 ] ], 
          [ [ 1, 0, 0, 1, 0, 0, -1 ], [ 0, 1, 0, 0, 0, 0, 0 ], [ 0, 0, 1, 0, 0, 0, 0 ], [ 0, 0, 0, -1, 0, 0, 2 ], 
              [ 0, 0, 0, 0, 1, 0, 0 ], [ 0, 0, 0, 0, 0, 1, 0 ], [ 0, 0, 0, 0, 0, 0, 1 ] ], 
          [ [ 1, 0, 1, 0, 0, -1, 0 ], [ 0, 1, 0, 0, 0, 0, 0 ], [ 0, 0, -1, 0, 0, 2, 0 ], [ 0, 0, 0, 1, 0, 0, 0 ], 
              [ 0, 0, 0, 0, 1, 0, 0 ], [ 0, 0, 0, 0, 0, 1, 0 ], [ 0, 0, 0, 0, 0, 0, 1 ] ] ] ) ),
  VectSpace := [ [ 0, 0, 0, 1, 0, 0 ], [ 0, 0, 0, 0, 1, 0 ], [ 0, 0, 0, 0, 0, 1 ] ],
  n := 6 );
