return [ rec(
      EXT := [ [ 1, 1, 0, 0, 0, 1, -1 ], [ 1, 1, 0, 0, 0, 1, 0 ], [ 1, 1, 0, 0, 1, 1, -1 ], [ 1, 1, 0, 0, 1, 1, 0 ], 
          [ 1, 1, 0, 1, 1, 0, -1 ], [ 1, 1, 0, 1, 1, 0, 0 ], [ 1, 1, 0, 1, 0, 1, -1 ], [ 1, 1, 0, 1, 0, 1, 0 ], 
          [ 1, 1, 1, 0, 1, 0, -1 ], [ 1, 1, 1, 0, 1, 0, 0 ], [ 1, 1, 1, 0, 0, 1, -1 ], [ 1, 1, 1, 0, 0, 1, 0 ], 
          [ 1, 1, 1, 1, 0, 0, -1 ], [ 1, 1, 1, 1, 0, 0, 0 ], [ 1, 1, 1, 1, 1, 0, -1 ], [ 1, 1, 1, 1, 1, 0, 0 ], 
          [ 1, 0, 0, 0, 1, 1, 0 ], [ 1, 0, 0, 0, 1, 1, 1 ], [ 1, 0, 0, 0, 0, 2, 0 ], [ 1, 0, 0, 0, 0, 2, 1 ], 
          [ 1, 0, 0, 1, 0, 1, 0 ], [ 1, 0, 0, 1, 0, 1, 1 ], [ 1, 0, 0, 1, 1, 1, 0 ], [ 1, 0, 0, 1, 1, 1, 1 ], 
          [ 1, 0, 1, 0, 0, 1, 0 ], [ 1, 0, 1, 0, 0, 1, 1 ], [ 1, 0, 1, 0, 1, 1, 0 ], [ 1, 0, 1, 0, 1, 1, 1 ], 
          [ 1, 0, 1, 1, 1, 0, 0 ], [ 1, 0, 1, 1, 1, 0, 1 ], [ 1, 0, 1, 1, 0, 1, 0 ], [ 1, 0, 1, 1, 0, 1, 1 ] ],
      ListAdjacentVert := [ [ 1, 0, 0, 0, 0, 2, -1 ], [ 1, 1, 1, 0, 0, 1, -2 ], [ 1, 0, 0, 0, 1, 1, -1 ], 
          [ 1, 0, 0, 1, 0, 1, -1 ], [ 1, 0, 0, 0, 0, 2, 2 ], [ 1, 1, 1, 0, 1, 0, -2 ], [ 1, 1, 0, 1, 0, 1, -2 ], 
          [ 1, 1, 1, 1, 0, 0, -2 ], [ 1, 1, 1, 0, 0, 1, 1 ], [ 1, 0, 0, 0, 1, 1, 2 ], [ 1, 0, 1, 0, 0, 1, -1 ], 
          [ 1, 0, 0, 1, 0, 1, 2 ], [ 1, 0, 0, 1, 1, 1, -1 ], [ 1, 1, 0, 1, 1, 0, -2 ], [ 1, 1, 1, 0, 1, 0, 1 ], 
          [ 1, 1, 0, 1, 0, 1, 1 ], [ 1, 1, 1, 1, 0, 0, 1 ], [ 1, 1, 1, 1, 1, 0, -2 ], [ 1, 0, 1, 0, 0, 1, 2 ], 
          [ 1, 0, 1, 0, 1, 1, -1 ], [ 1, 0, 0, 1, 1, 1, 2 ], [ 1, 1, 0, 0, 1, 1, -2 ], [ 1, 1, 0, 1, 1, 0, 1 ], 
          [ 1, 1, 1, 1, 1, 0, 1 ], [ 1, 0, 1, 0, 1, 1, 2 ], [ 1, 0, 1, 1, 1, 0, -1 ], [ 1, 1, 0, 0, 1, 1, 1 ], 
          [ 1, 1, 0, 0, 0, 1, -2 ], [ 1, 0, 1, 1, 1, 0, 2 ], [ 1, 0, 1, 1, 0, 1, -1 ], [ 1, 1, 0, 0, 0, 1, 1 ], 
          [ 1, 0, 1, 1, 0, 1, 2 ], [ 1, 0, 0, 0, 1, 2, 0 ], [ 1, 1, 1, 0, 1, 1, -1 ], [ 1, 0, 0, 0, 2, 1, 0 ], 
          [ 1, 0, 0, 2, 1, 0, 0 ], [ 1, 0, 0, 0, 1, 2, 1 ], [ 1, 0, 0, 0, -1, 2, 0 ], [ 1, 1, 1, 0, 2, 0, -1 ], 
          [ 1, 1, 0, 1, 1, 1, -1 ], [ 1, 1, 1, 2, 1, -1, -1 ], [ 1, 1, 1, 0, 1, 1, 0 ], [ 1, 1, 1, 0, -1, 1, -1 ], 
          [ 1, 0, 0, 1, 2, 0, 0 ], [ 1, 0, 0, 0, 2, 1, 1 ], [ 1, 0, 0, 0, 0, 1, 0 ], [ 1, 0, 0, 2, 0, 1, 0 ], 
          [ 1, 0, 2, 0, 1, 0, 0 ], [ 1, 0, 0, 2, 1, 0, 1 ], [ 1, 0, 0, 0, -1, 2, 1 ], [ 1, 1, 0, 1, 2, 0, -1 ], 
          [ 1, 1, 1, 1, 2, -1, -1 ], [ 1, 1, 1, 0, 2, 0, 0 ], [ 1, 1, 1, 0, 0, 0, -1 ], [ 1, 1, 0, 2, 1, 0, -1 ], 
          [ 1, 1, 0, 1, 1, 1, 0 ], [ 1, 1, 0, 1, -1, 1, -1 ], [ 1, 1, 1, 2, 0, 0, -1 ], [ 1, 1, 2, 1, 1, -1, -1 ], 
          [ 1, 1, 1, 2, 1, -1, 0 ], [ 1, 1, 1, 0, -1, 1, 0 ], [ 1, 0, 0, 1, 0, 2, 0 ], [ 1, 0, 1, 0, 2, 0, 0 ], 
          [ 1, 0, 0, 1, 2, 0, 1 ], [ 1, 0, 0, 1, 1, 0, 0 ], [ 1, 0, 0, 0, 0, 1, 1 ], [ 1, 0, 0, -1, 0, 2, 0 ], 
          [ 1, 0, 2, 0, 0, 1, 0 ], [ 1, 0, 0, 2, 0, 1, 1 ], [ 1, -1, 1, 0, 1, 1, 1 ], [ 1, 0, 2, 0, 1, 0, 1 ], 
          [ 1, 1, 0, 1, 2, 0, 0 ], [ 1, 1, 0, 1, 0, 0, -1 ], [ 1, 1, 1, 1, 0, 1, -1 ], [ 1, 1, 1, 1, 2, -1, 0 ], 
          [ 1, 1, 1, 1, 1, -1, -1 ], [ 1, 1, 1, 0, 0, 0, 0 ], [ 1, 1, 1, -1, 0, 1, -1 ], [ 1, 1, 2, 0, 1, 0, -1 ], 
          [ 1, 1, 0, 2, 1, 0, 0 ], [ 1, 1, 0, 2, 0, 0, -1 ], [ 1, 1, 0, 1, -1, 1, 0 ], [ 1, 1, 0, 0, -1, 2, -1 ], 
          [ 1, 1, 2, 1, 0, 0, -1 ], [ 1, 1, 1, 2, 0, 0, 0 ], [ 1, -1, 0, 1, 1, 1, 1 ], [ 1, 1, 2, 1, 1, -1, 0 ], 
          [ 1, 0, 1, 0, 0, 2, 0 ], [ 1, 0, 0, 1, 0, 2, 1 ], [ 1, 0, 0, 1, -1, 2, 0 ], [ 1, 0, 1, 0, 2, 0, 1 ], 
          [ 1, 0, 1, 0, 1, 0, 0 ], [ 1, 0, 0, 1, 1, 0, 1 ], [ 1, 0, 0, -1, 1, 2, 0 ], [ 1, 0, 0, -1, 0, 2, 1 ], 
          [ 1, 0, -1, 0, 0, 2, 0 ], [ 1, -1, 1, 0, 0, 2, 1 ], [ 1, 0, 2, 1, 0, 0, 0 ], [ 1, 0, 2, 0, 0, 1, 1 ], 
          [ 1, -1, 1, 0, 1, 1, 2 ], [ 1, 1, 0, 1, 0, 0, 0 ], [ 1, 1, 0, -1, 0, 2, -1 ], [ 1, 1, 1, 1, 0, 1, 0 ], 
          [ 1, 1, 1, 1, -1, 1, -1 ], [ 1, 1, 1, 1, 1, -1, 0 ], [ 1, 1, 1, -1, 1, 1, -1 ], [ 1, 1, 1, -1, 0, 1, 0 ], 
          [ 1, 1, -1, 1, 0, 1, -1 ], [ 1, -1, 0, 0, 1, 2, 1 ], [ 1, 1, 2, 0, 1, 0, 0 ], [ 1, 1, 2, 0, 0, 0, -1 ], 
          [ 1, 1, 0, 2, 0, 0, 0 ], [ 1, 1, 0, 0, 0, 2, -1 ], [ 1, 1, 0, 0, -1, 2, 0 ], [ 1, 1, 0, 0, 1, 0, -1 ], 
          [ 1, -1, 0, 1, 0, 2, 1 ], [ 1, 1, 2, 1, 0, 0, 0 ], [ 1, -1, 0, 1, 1, 1, 2 ], [ 1, 0, 1, 2, 0, 0, 0 ], 
          [ 1, 0, 1, 0, 0, 2, 1 ], [ 1, 0, 1, 0, -1, 2, 0 ], [ 1, 0, 0, 1, -1, 2, 1 ], [ 1, 0, 1, 0, 1, 0, 1 ], 
          [ 1, 0, 1, -1, 1, 1, 0 ], [ 1, 0, 0, -1, 1, 2, 1 ], [ 1, 0, -1, 0, 1, 2, 0 ], [ 1, 0, -1, 0, 0, 2, 1 ], 
          [ 1, 2, 1, 0, 0, 0, -2 ], [ 1, -1, 1, 1, 0, 1, 1 ], [ 1, -1, 1, 0, 0, 2, 2 ], [ 1, 0, 2, 1, 0, 0, 1 ], 
          [ 1, 0, 2, 1, 1, 0, 0 ], [ 1, 1, 0, -1, 0, 2, 0 ], [ 1, 1, 0, -1, 1, 1, -1 ], [ 1, 1, -1, 0, 0, 2, -1 ], 
          [ 1, 1, 1, 1, -1, 1, 0 ], [ 1, 1, 1, -1, 1, 1, 0 ], [ 1, 1, -1, 1, 1, 1, -1 ], [ 1, 1, -1, 1, 0, 1, 0 ], 
          [ 1, 2, 0, 1, 0, 0, -2 ], [ 1, -1, 0, 0, 1, 2, 2 ], [ 1, -1, 0, 0, 0, 2, 1 ], [ 1, 1, 2, 0, 0, 0, 0 ], 
          [ 1, 1, 0, 0, 0, 2, 0 ], [ 1, 1, 0, 0, 2, 0, -1 ], [ 1, 1, 0, 0, 1, 0, 0 ], [ 1, -1, 0, 1, 0, 2, 2 ], 
          [ 1, 0, 1, 2, 0, 0, 1 ], [ 1, 0, 1, 2, 1, 0, 0 ], [ 1, 0, 1, 0, -1, 2, 1 ], [ 1, 0, 1, 1, -1, 1, 0 ], 
          [ 1, 0, 1, -1, 1, 1, 1 ], [ 1, 0, 1, -1, 0, 2, 0 ], [ 1, 0, -1, 1, 1, 1, 0 ], [ 1, 0, -1, 0, 1, 2, 1 ], 
          [ 1, 2, 1, 0, 1, 0, -2 ], [ 1, 2, 1, 0, 0, 0, -1 ], [ 1, -1, 1, 1, 0, 1, 2 ], [ 1, -1, 1, 1, 1, 1, 1 ], 
          [ 1, 0, 2, 1, 1, 0, 1 ], [ 1, 1, 0, -1, 1, 1, 0 ], [ 1, 1, -1, 0, 0, 2, 0 ], [ 1, 1, -1, 0, 1, 1, -1 ], 
          [ 1, 2, 0, 0, 0, 1, -2 ], [ 1, 1, -1, 1, 1, 1, 0 ], [ 1, 2, 0, 1, 1, 0, -2 ], [ 1, 2, 0, 1, 0, 0, -1 ], 
          [ 1, -1, 0, 0, 0, 2, 2 ], [ 1, 1, 0, 0, 2, 0, 0 ], [ 1, 0, 1, 2, 1, 0, 1 ], [ 1, 0, 1, 1, 1, 1, 0 ], 
          [ 1, 0, 1, 1, -1, 1, 1 ], [ 1, 0, 1, 1, 0, 0, 0 ], [ 1, 0, 1, -1, 0, 2, 1 ], [ 1, 0, -1, 1, 1, 1, 1 ], 
          [ 1, 0, -1, 1, 0, 2, 0 ], [ 1, 2, 1, 1, 1, -1, -2 ], [ 1, 2, 1, 0, 1, 0, -1 ], [ 1, -1, 1, 1, 1, 1, 2 ], 
          [ 1, 1, -1, 0, 1, 1, 0 ], [ 1, 2, 0, 0, 0, 1, -1 ], [ 1, 2, 0, 0, 1, 0, -2 ], [ 1, 2, 0, 1, 1, 0, -1 ], 
          [ 1, 0, 1, 1, 1, 1, 1 ], [ 1, 0, 1, 1, 2, 0, 0 ], [ 1, 0, 1, 1, 0, 0, 1 ], [ 1, 0, -1, 1, 0, 2, 1 ], 
          [ 1, 2, 1, 1, 1, -1, -1 ], [ 1, 2, 1, 1, 0, 0, -2 ], [ 1, 2, 0, 0, 1, 0, -1 ], [ 1, 0, 1, 1, 2, 0, 1 ], 
          [ 1, 2, 1, 1, 0, 0, -1 ], [ 1, 1, 0, 0, 0, 1, -1 ], [ 1, 1, 0, 0, 0, 1, 0 ], [ 1, 1, 0, 0, 1, 1, -1 ], 
          [ 1, 1, 0, 0, 1, 1, 0 ], [ 1, 1, 0, 1, 1, 0, -1 ], [ 1, 1, 0, 1, 1, 0, 0 ], [ 1, 1, 0, 1, 0, 1, -1 ], 
          [ 1, 1, 0, 1, 0, 1, 0 ], [ 1, 1, 1, 0, 1, 0, -1 ], [ 1, 1, 1, 0, 1, 0, 0 ], [ 1, 1, 1, 0, 0, 1, -1 ], 
          [ 1, 1, 1, 0, 0, 1, 0 ], [ 1, 1, 1, 1, 0, 0, -1 ], [ 1, 1, 1, 1, 0, 0, 0 ], [ 1, 1, 1, 1, 1, 0, -1 ], 
          [ 1, 1, 1, 1, 1, 0, 0 ], [ 1, 0, 0, 0, 1, 1, 0 ], [ 1, 0, 0, 0, 1, 1, 1 ], [ 1, 0, 0, 0, 0, 2, 0 ], 
          [ 1, 0, 0, 0, 0, 2, 1 ], [ 1, 0, 0, 1, 0, 1, 0 ], [ 1, 0, 0, 1, 0, 1, 1 ], [ 1, 0, 0, 1, 1, 1, 0 ], 
          [ 1, 0, 0, 1, 1, 1, 1 ], [ 1, 0, 1, 0, 0, 1, 0 ], [ 1, 0, 1, 0, 0, 1, 1 ], [ 1, 0, 1, 0, 1, 1, 0 ], 
          [ 1, 0, 1, 0, 1, 1, 1 ], [ 1, 0, 1, 1, 1, 0, 0 ], [ 1, 0, 1, 1, 1, 0, 1 ], [ 1, 0, 1, 1, 0, 1, 0 ], 
          [ 1, 0, 1, 1, 0, 1, 1 ] ],
      TheQuadForm := [ [ 6, 2, 2, 2, 4, 2 ], [ 2, 4, 2, 2, 4, 0 ], [ 2, 2, 4, 2, 4, 0 ], [ 2, 2, 2, 4, 4, 0 ], 
          [ 4, 4, 4, 4, 8, 0 ], [ 2, 0, 0, 0, 0, 2 ] ],
      TheQuadFunction := [ [ 24, -9, -8, -8, -8, -14, -1 ], [ -9, 6, 2, 2, 2, 4, 2 ], [ -8, 2, 4, 2, 2, 4, 0 ], 
          [ -8, 2, 2, 4, 2, 4, 0 ], [ -8, 2, 2, 2, 4, 4, 0 ], [ -14, 4, 4, 4, 4, 8, 0 ], [ -1, 2, 0, 0, 0, 0, 2 ] ],
      TheStab := rec(
          GRPperm := Group( [ ( 9,17)(10,18)(11,19)(12,20)(13,21)(14,22)(15,23)(16,24), 
              ( 5, 7)( 6, 8)( 9,11)(10,12)(17,19)(18,20)(29,31)(30,32), ( 5, 9)( 6,10)( 7,11)( 8,12)(21,25)(22,26)
                (23,27)(24,28), ( 3, 5)( 4, 6)(11,13)(12,14)(19,21)(20,22)(27,29)(28,30), 
              ( 1, 2)( 3, 4)( 5, 6)( 7, 8)( 9,10)(11,12)(13,14)(15,16)(17,18)(19,20)(21,22)(23,24)(25,26)(27,28)
                (29,30)(31,32), ( 1, 3)( 2, 4)(13,15)(14,16)(21,23)(22,24)(25,27)(26,28) ] ),
          TheMatrGRP := 
           Group(
            [ [ [ 1, 1, 1, 0, 0, -1, -1 ], [ 0, 0, -1, 0, 0, 1, 1 ], [ 0, -1, 0, 0, 0, 1, 1 ], 
                  [ 0, 0, 0, 1, 0, 0, 0 ], [ 0, 0, 0, 0, 1, 0, 0 ], [ 0, 0, 0, 0, 0, 1, 0 ], [ 0, 0, 0, 0, 0, 0, 1 ] 
                 ], [ [ 1, 0, 0, 0, -3, 3, 0 ], [ 0, 1, 0, 0, 1, -1, 0 ], [ 0, 0, 1, 0, 1, -1, 0 ], 
                  [ 0, 0, 0, 1, 1, -1, 0 ], [ 0, 0, 0, 0, 1, 0, 0 ], [ 0, 0, 0, 0, 2, -1, 0 ], 
                  [ 0, 0, 0, 0, 0, 0, 1 ] ], 
              [ [ 1, 0, 0, 0, 0, 0, 0 ], [ 0, 1, 0, 0, 0, 0, 0 ], [ 0, 0, 0, 1, 0, 0, 0 ], [ 0, 0, 1, 0, 0, 0, 0 ], 
                  [ 0, 0, 0, 0, 1, 0, 0 ], [ 0, 0, 0, 0, 0, 1, 0 ], [ 0, 0, 0, 0, 0, 0, 1 ] ], 
              [ [ 1, 0, 0, -3, 0, 3, 0 ], [ 0, 1, 0, 1, 0, -1, 0 ], [ 0, 0, 1, 1, 0, -1, 0 ], 
                  [ 0, 0, 0, 1, 0, 0, 0 ], [ 0, 0, 0, 1, 1, -1, 0 ], [ 0, 0, 0, 2, 0, -1, 0 ], 
                  [ 0, 0, 0, 0, 0, 0, 1 ] ], 
              [ [ 1, 0, 0, 0, 0, 0, 1 ], [ 0, 1, 0, 0, 0, 0, -2 ], [ 0, 0, 1, 0, 0, 0, 0 ], [ 0, 0, 0, 1, 0, 0, 0 ], 
                  [ 0, 0, 0, 0, 1, 0, 0 ], [ 0, 0, 0, 0, 0, 1, 0 ], [ 0, 0, 0, 0, 0, 0, -1 ] ], 
              [ [ 1, 0, 0, 0, 4, 0, 0 ], [ 0, 1, 0, 0, -1, 0, 0 ], [ 0, 0, 1, 0, -1, 0, 0 ], 
                  [ 0, 0, 0, 1, -1, 0, 0 ], [ 0, 0, 0, 0, -1, 0, 0 ], [ 0, 0, 0, 0, -2, 1, 0 ], 
                  [ 0, 0, 0, 0, 0, 0, 1 ] ] ]),
          phi := GroupHomomorphismByImages( Group( [ ( 9,17)(10,18)(11,19)(12,20)(13,21)(14,22)(15,23)(16,24), 
              ( 5, 7)( 6, 8)( 9,11)(10,12)(17,19)(18,20)(29,31)(30,32), ( 5, 9)( 6,10)( 7,11)( 8,12)(21,25)(22,26)
                (23,27)(24,28), ( 3, 5)( 4, 6)(11,13)(12,14)(19,21)(20,22)(27,29)(28,30), 
              ( 1, 2)( 3, 4)( 5, 6)( 7, 8)( 9,10)(11,12)(13,14)(15,16)(17,18)(19,20)(21,22)(23,24)(25,26)(27,28)
                (29,30)(31,32), ( 1, 3)( 2, 4)(13,15)(14,16)(21,23)(22,24)(25,27)(26,28) ] ), Group(
            [ [ [ 1, 1, 1, 0, 0, -1, -1 ], [ 0, 0, -1, 0, 0, 1, 1 ], [ 0, -1, 0, 0, 0, 1, 1 ], 
                  [ 0, 0, 0, 1, 0, 0, 0 ], [ 0, 0, 0, 0, 1, 0, 0 ], [ 0, 0, 0, 0, 0, 1, 0 ], [ 0, 0, 0, 0, 0, 0, 1 ] 
                 ], [ [ 1, 0, 0, 0, -3, 3, 0 ], [ 0, 1, 0, 0, 1, -1, 0 ], [ 0, 0, 1, 0, 1, -1, 0 ], 
                  [ 0, 0, 0, 1, 1, -1, 0 ], [ 0, 0, 0, 0, 1, 0, 0 ], [ 0, 0, 0, 0, 2, -1, 0 ], 
                  [ 0, 0, 0, 0, 0, 0, 1 ] ], 
              [ [ 1, 0, 0, 0, 0, 0, 0 ], [ 0, 1, 0, 0, 0, 0, 0 ], [ 0, 0, 0, 1, 0, 0, 0 ], [ 0, 0, 1, 0, 0, 0, 0 ], 
                  [ 0, 0, 0, 0, 1, 0, 0 ], [ 0, 0, 0, 0, 0, 1, 0 ], [ 0, 0, 0, 0, 0, 0, 1 ] ], 
              [ [ 1, 0, 0, -3, 0, 3, 0 ], [ 0, 1, 0, 1, 0, -1, 0 ], [ 0, 0, 1, 1, 0, -1, 0 ], 
                  [ 0, 0, 0, 1, 0, 0, 0 ], [ 0, 0, 0, 1, 1, -1, 0 ], [ 0, 0, 0, 2, 0, -1, 0 ], 
                  [ 0, 0, 0, 0, 0, 0, 1 ] ], 
              [ [ 1, 0, 0, 0, 0, 0, 1 ], [ 0, 1, 0, 0, 0, 0, -2 ], [ 0, 0, 1, 0, 0, 0, 0 ], [ 0, 0, 0, 1, 0, 0, 0 ], 
                  [ 0, 0, 0, 0, 1, 0, 0 ], [ 0, 0, 0, 0, 0, 1, 0 ], [ 0, 0, 0, 0, 0, 0, -1 ] ], 
              [ [ 1, 0, 0, 0, 4, 0, 0 ], [ 0, 1, 0, 0, -1, 0, 0 ], [ 0, 0, 1, 0, -1, 0, 0 ], 
                  [ 0, 0, 0, 1, -1, 0, 0 ], [ 0, 0, 0, 0, -1, 0, 0 ], [ 0, 0, 0, 0, -2, 1, 0 ], 
                  [ 0, 0, 0, 0, 0, 0, 1 ] ] ]), [ ( 9,17)(10,18)(11,19)(12,20)(13,21)(14,22)(15,23)(16,24), 
              ( 5, 7)( 6, 8)( 9,11)(10,12)(17,19)(18,20)(29,31)(30,32), ( 5, 9)( 6,10)( 7,11)( 8,12)(21,25)(22,26)
                (23,27)(24,28), ( 3, 5)( 4, 6)(11,13)(12,14)(19,21)(20,22)(27,29)(28,30), 
              ( 1, 2)( 3, 4)( 5, 6)( 7, 8)( 9,10)(11,12)(13,14)(15,16)(17,18)(19,20)(21,22)(23,24)(25,26)(27,28)
                (29,30)(31,32), ( 1, 3)( 2, 4)(13,15)(14,16)(21,23)(22,24)(25,27)(26,28) ], 
            [ [ [ 1, 1, 1, 0, 0, -1, -1 ], [ 0, 0, -1, 0, 0, 1, 1 ], [ 0, -1, 0, 0, 0, 1, 1 ], 
                  [ 0, 0, 0, 1, 0, 0, 0 ], [ 0, 0, 0, 0, 1, 0, 0 ], [ 0, 0, 0, 0, 0, 1, 0 ], [ 0, 0, 0, 0, 0, 0, 1 ] 
                 ], [ [ 1, 0, 0, 0, -3, 3, 0 ], [ 0, 1, 0, 0, 1, -1, 0 ], [ 0, 0, 1, 0, 1, -1, 0 ], 
                  [ 0, 0, 0, 1, 1, -1, 0 ], [ 0, 0, 0, 0, 1, 0, 0 ], [ 0, 0, 0, 0, 2, -1, 0 ], 
                  [ 0, 0, 0, 0, 0, 0, 1 ] ], 
              [ [ 1, 0, 0, 0, 0, 0, 0 ], [ 0, 1, 0, 0, 0, 0, 0 ], [ 0, 0, 0, 1, 0, 0, 0 ], [ 0, 0, 1, 0, 0, 0, 0 ], 
                  [ 0, 0, 0, 0, 1, 0, 0 ], [ 0, 0, 0, 0, 0, 1, 0 ], [ 0, 0, 0, 0, 0, 0, 1 ] ], 
              [ [ 1, 0, 0, -3, 0, 3, 0 ], [ 0, 1, 0, 1, 0, -1, 0 ], [ 0, 0, 1, 1, 0, -1, 0 ], 
                  [ 0, 0, 0, 1, 0, 0, 0 ], [ 0, 0, 0, 1, 1, -1, 0 ], [ 0, 0, 0, 2, 0, -1, 0 ], 
                  [ 0, 0, 0, 0, 0, 0, 1 ] ], 
              [ [ 1, 0, 0, 0, 0, 0, 1 ], [ 0, 1, 0, 0, 0, 0, -2 ], [ 0, 0, 1, 0, 0, 0, 0 ], [ 0, 0, 0, 1, 0, 0, 0 ], 
                  [ 0, 0, 0, 0, 1, 0, 0 ], [ 0, 0, 0, 0, 0, 1, 0 ], [ 0, 0, 0, 0, 0, 0, -1 ] ], 
              [ [ 1, 0, 0, 0, 4, 0, 0 ], [ 0, 1, 0, 0, -1, 0, 0 ], [ 0, 0, 1, 0, -1, 0, 0 ], 
                  [ 0, 0, 0, 1, -1, 0, 0 ], [ 0, 0, 0, 0, -1, 0, 0 ], [ 0, 0, 0, 0, -2, 1, 0 ], 
                  [ 0, 0, 0, 0, 0, 0, 1 ] ] ] ) ),
      VectSpace := [  ],
      n := 6 ), rec(
      EXT := [ [ 1, 1, 0, 0, 0, 1, -1 ], [ 1, 0, 0, 1, 0, 1, 0 ], [ 1, 0, 0, 0, 0, 2, 0 ], [ 1, 1, 1, 1, 0, 0, -1 ], 
          [ 1, 0, 1, 0, 0, 1, 0 ], [ 1, 1, 1, 0, 0, 1, -1 ], [ 1, 0, 1, 1, 0, 1, 0 ], [ 1, 1, 0, 1, 1, 0, -1 ], 
          [ 1, 0, 0, 0, 1, 1, 0 ], [ 1, 1, 0, 0, 1, 1, -1 ], [ 1, 0, 0, 1, 1, 1, 0 ], [ 1, 1, 1, 0, 1, 0, -1 ], 
          [ 1, 0, 1, 1, 1, 0, 0 ], [ 1, 1, 1, 1, 1, 0, -1 ], [ 1, 0, 1, 0, 1, 1, 0 ] ],
      ListAdjacentVert := [ [ 1, -1, 1, 0, 1, 1, 1 ], [ 1, 0, 1, -1, 1, 1, 0 ], [ 1, 0, 2, 0, 1, 0, 0 ], 
          [ 1, 0, 1, 0, 1, 0, 0 ], [ 1, 0, 1, 0, 2, 0, 0 ], [ 1, 0, 0, -1, 0, 2, 0 ], [ 1, 0, 0, 0, 0, 1, 0 ], 
          [ 1, -1, 0, 0, 0, 2, 1 ], [ 1, 1, 1, -1, 0, 1, -1 ], [ 1, 1, 1, 0, 0, 0, -1 ], [ 1, 1, 2, 0, 0, 0, -1 ], 
          [ 1, -1, 1, 1, 0, 1, 1 ], [ 1, 1, 0, -1, 1, 1, -1 ], [ 1, 0, 1, 1, 0, 0, 0 ], [ 1, 1, 0, 0, 1, 0, -1 ], 
          [ 1, 0, 2, 1, 0, 0, 0 ], [ 1, 1, 0, 0, 2, 0, -1 ], [ 1, -1, 1, 0, 0, 2, 1 ], [ 1, -1, 0, 1, 1, 1, 1 ], 
          [ 1, 0, 1, -1, 0, 2, 0 ], [ 1, 0, 0, 1, 1, 0, 0 ], [ 1, 0, 2, 0, 0, 1, 0 ], [ 1, 0, 0, 1, 2, 0, 0 ], 
          [ 1, -1, 0, 0, 1, 2, 1 ], [ 1, 1, 2, 1, 1, -1, -1 ], [ 1, 0, 0, -1, 1, 2, 0 ], [ 1, 1, 1, 1, 1, -1, -1 ], 
          [ 1, 0, 0, 0, 2, 1, 0 ], [ 1, 1, 1, 1, 2, -1, -1 ], [ 1, 1, 2, 0, 1, 0, -1 ], [ 1, 1, 1, -1, 1, 1, -1 ], 
          [ 1, 1, 1, 0, 2, 0, -1 ], [ 1, 0, 2, 1, 1, 0, 0 ], [ 1, -1, 1, 1, 1, 1, 1 ], [ 1, 0, 1, 1, 2, 0, 0 ], 
          [ 1, 1, 0, -1, 0, 2, -1 ], [ 1, 1, 0, 1, 0, 0, -1 ], [ 1, -1, 0, 1, 0, 2, 1 ], [ 1, 1, 2, 1, 0, 0, -1 ], 
          [ 1, 1, 0, 1, 2, 0, -1 ], [ 1, 1, 0, 1, 0, 1, -1 ], [ 1, 1, 1, 0, -1, 1, -1 ], [ 1, 0, 1, 1, -1, 1, 0 ], 
          [ 1, 0, 0, 0, -1, 2, 0 ], [ 1, 1, -1, 0, 1, 1, -1 ], [ 1, 0, 1, 0, -1, 2, 0 ], [ 1, 0, -1, 1, 1, 1, 0 ], 
          [ 1, 0, -1, 0, 0, 2, 0 ], [ 1, 2, 0, 0, 1, 0, -2 ], [ 1, 0, -1, 0, 1, 2, 0 ], [ 1, 2, 1, 1, 1, -1, -2 ], 
          [ 1, 2, 1, 0, 0, 0, -2 ], [ 1, 0, 0, 2, 1, 0, 0 ], [ 1, 2, 1, 0, 1, 0, -2 ], [ 1, 1, 1, 2, 1, -1, -1 ], 
          [ 1, 0, 1, 2, 0, 0, 0 ], [ 1, 0, 0, 0, 1, 2, 0 ], [ 1, 0, 1, 2, 1, 0, 0 ], [ 1, 1, 1, 0, 1, 1, -1 ], 
          [ 1, 0, 1, 0, 0, 2, 0 ], [ 1, 0, 1, 1, 1, 1, 0 ], [ 1, 1, 0, 0, 0, 1, -1 ], [ 1, 0, 0, 1, 0, 1, 0 ], 
          [ 1, 0, 0, 0, 0, 2, 0 ], [ 1, 1, 1, 1, 0, 0, -1 ], [ 1, 0, 1, 0, 0, 1, 0 ], [ 1, 1, 1, 0, 0, 1, -1 ], 
          [ 1, 0, 1, 1, 0, 1, 0 ], [ 1, 1, 0, 1, 1, 0, -1 ], [ 1, 0, 0, 0, 1, 1, 0 ], [ 1, 1, 0, 0, 1, 1, -1 ], 
          [ 1, 0, 0, 1, 1, 1, 0 ], [ 1, 1, 1, 0, 1, 0, -1 ], [ 1, 0, 1, 1, 1, 0, 0 ], [ 1, 1, 1, 1, 1, 0, -1 ], 
          [ 1, 0, 1, 0, 1, 1, 0 ] ],
      TheQuadForm := [ [ 6, 2, 4, 2, 6, 0 ], [ 2, 4, 2, 2, 4, 0 ], [ 4, 2, 6, 2, 6, 0 ], [ 2, 2, 2, 4, 4, 0 ], 
          [ 6, 4, 6, 4, 10, 0 ], [ 0, 0, 0, 0, 0, 0 ] ],
      TheQuadFunction := [ [ 28, -11, -8, -11, -8, -17, 0 ], [ -11, 6, 2, 4, 2, 6, 0 ], [ -8, 2, 4, 2, 2, 4, 0 ], 
          [ -11, 4, 2, 6, 2, 6, 0 ], [ -8, 2, 2, 2, 4, 4, 0 ], [ -17, 6, 4, 6, 4, 10, 0 ], [ 0, 0, 0, 0, 0, 0, 0 ] ],
      TheStab := rec(
          GRPperm := Group( [ ( 4, 8)( 5, 9)( 6,10)( 7,11), ( 2, 3)( 4, 6)( 8,10)(13,15), 
              ( 2, 4)( 3, 6)( 9,12)(11,14), ( 1, 2)( 6, 7)(10,11)(12,13) ] ),
          TheMatrGRP := 
           Group(
            [ [ [ 1, 0, 0, 0, 0, 0, 0 ], [ 0, 1, 0, 0, 0, 0, 0 ], [ 0, 0, 0, 0, 1, 0, 0 ], [ 0, 0, 0, 1, 0, 0, 0 ], 
                  [ 0, 0, 1, 0, 0, 0, 0 ], [ 0, 0, 0, 0, 0, 1, 0 ], [ 0, 0, 0, 0, 0, 0, 1 ] ], 
              [ [ 1, 0, 0, -3, 0, 3, 0 ], [ 0, 1, 0, 1, 0, -1, 0 ], [ 0, 0, 1, 1, 0, -1, 0 ], 
                  [ 0, 0, 0, 1, 0, 0, 0 ], [ 0, 0, 0, 1, 1, -1, 0 ], [ 0, 0, 0, 2, 0, -1, 0 ], 
                  [ 0, 0, 0, 0, 0, 0, 1 ] ], 
              [ [ 1, 1, 1, 0, 0, -1, -1 ], [ 0, 0, -1, 0, 0, 1, 1 ], [ 0, -1, 0, 0, 0, 1, 1 ], 
                  [ 0, 0, 0, 1, 0, 0, 0 ], [ 0, 0, 0, 0, 1, 0, 0 ], [ 0, 0, 0, 0, 0, 1, 0 ], [ 0, 0, 0, 0, 0, 0, 1 ] 
                 ], [ [ 1, 0, 0, 0, 0, 0, 0 ], [ 0, 0, 0, 1, 0, 0, 1 ], [ 0, 0, 1, 0, 0, 0, 0 ], 
                  [ 0, 1, 0, 0, 0, 0, -1 ], [ 0, 0, 0, 0, 1, 0, 0 ], [ 0, 0, 0, 0, 0, 1, 0 ], 
                  [ 0, 0, 0, 0, 0, 0, 1 ] ] ]),
          phi := GroupHomomorphismByImages( Group( [ ( 4, 8)( 5, 9)( 6,10)( 7,11), ( 2, 3)( 4, 6)( 8,10)(13,15), 
              ( 2, 4)( 3, 6)( 9,12)(11,14), ( 1, 2)( 6, 7)(10,11)(12,13) ] ), Group(
            [ [ [ 1, 0, 0, 0, 0, 0, 0 ], [ 0, 1, 0, 0, 0, 0, 0 ], [ 0, 0, 0, 0, 1, 0, 0 ], [ 0, 0, 0, 1, 0, 0, 0 ], 
                  [ 0, 0, 1, 0, 0, 0, 0 ], [ 0, 0, 0, 0, 0, 1, 0 ], [ 0, 0, 0, 0, 0, 0, 1 ] ], 
              [ [ 1, 0, 0, -3, 0, 3, 0 ], [ 0, 1, 0, 1, 0, -1, 0 ], [ 0, 0, 1, 1, 0, -1, 0 ], 
                  [ 0, 0, 0, 1, 0, 0, 0 ], [ 0, 0, 0, 1, 1, -1, 0 ], [ 0, 0, 0, 2, 0, -1, 0 ], 
                  [ 0, 0, 0, 0, 0, 0, 1 ] ], 
              [ [ 1, 1, 1, 0, 0, -1, -1 ], [ 0, 0, -1, 0, 0, 1, 1 ], [ 0, -1, 0, 0, 0, 1, 1 ], 
                  [ 0, 0, 0, 1, 0, 0, 0 ], [ 0, 0, 0, 0, 1, 0, 0 ], [ 0, 0, 0, 0, 0, 1, 0 ], [ 0, 0, 0, 0, 0, 0, 1 ] 
                 ], [ [ 1, 0, 0, 0, 0, 0, 0 ], [ 0, 0, 0, 1, 0, 0, 1 ], [ 0, 0, 1, 0, 0, 0, 0 ], 
                  [ 0, 1, 0, 0, 0, 0, -1 ], [ 0, 0, 0, 0, 1, 0, 0 ], [ 0, 0, 0, 0, 0, 1, 0 ], 
                  [ 0, 0, 0, 0, 0, 0, 1 ] ] ]), [ ( 4, 8)( 5, 9)( 6,10)( 7,11), ( 2, 3)( 4, 6)( 8,10)(13,15), 
              ( 2, 4)( 3, 6)( 9,12)(11,14), ( 1, 2)( 6, 7)(10,11)(12,13) ], 
            [ [ [ 1, 0, 0, 0, 0, 0, 0 ], [ 0, 1, 0, 0, 0, 0, 0 ], [ 0, 0, 0, 0, 1, 0, 0 ], [ 0, 0, 0, 1, 0, 0, 0 ], 
                  [ 0, 0, 1, 0, 0, 0, 0 ], [ 0, 0, 0, 0, 0, 1, 0 ], [ 0, 0, 0, 0, 0, 0, 1 ] ], 
              [ [ 1, 0, 0, -3, 0, 3, 0 ], [ 0, 1, 0, 1, 0, -1, 0 ], [ 0, 0, 1, 1, 0, -1, 0 ], 
                  [ 0, 0, 0, 1, 0, 0, 0 ], [ 0, 0, 0, 1, 1, -1, 0 ], [ 0, 0, 0, 2, 0, -1, 0 ], 
                  [ 0, 0, 0, 0, 0, 0, 1 ] ], 
              [ [ 1, 1, 1, 0, 0, -1, -1 ], [ 0, 0, -1, 0, 0, 1, 1 ], [ 0, -1, 0, 0, 0, 1, 1 ], 
                  [ 0, 0, 0, 1, 0, 0, 0 ], [ 0, 0, 0, 0, 1, 0, 0 ], [ 0, 0, 0, 0, 0, 1, 0 ], [ 0, 0, 0, 0, 0, 0, 1 ] 
                 ], [ [ 1, 0, 0, 0, 0, 0, 0 ], [ 0, 0, 0, 1, 0, 0, 1 ], [ 0, 0, 1, 0, 0, 0, 0 ], 
                  [ 0, 1, 0, 0, 0, 0, -1 ], [ 0, 0, 0, 0, 1, 0, 0 ], [ 0, 0, 0, 0, 0, 1, 0 ], 
                  [ 0, 0, 0, 0, 0, 0, 1 ] ] ] ) ),
      VectSpace := [ [ 0, 0, 0, 0, 0, 1 ] ],
      n := 6 ), rec(
      EXT := [ [ 1, 1, 1, 0, 1, 0, -1 ], [ 1, 1, 1, 0, 1, 0, 0 ], [ 1, 1, 0, 0, 0, 1, -1 ], [ 1, 1, 0, 0, 0, 1, 0 ], 
          [ 1, 0, 1, 0, 0, 1, 0 ], [ 1, 0, 1, 0, 0, 1, 1 ], [ 1, 1, 1, 0, 0, 1, -1 ], [ 1, 1, 1, 0, 0, 1, 0 ], 
          [ 1, 0, 0, 0, 1, 1, 0 ], [ 1, 1, 0, 0, 1, 1, -1 ], [ 1, 0, 1, 0, 1, 1, 0 ], [ 1, 0, 0, 0, 0, 2, 0 ], 
          [ 1, 1, 1, 1, 0, 0, 0 ], [ 1, 1, 1, 1, 0, 0, 1 ], [ 1, 1, 0, 1, 1, 0, 0 ], [ 1, 0, 1, 1, 1, 0, 1 ], 
          [ 1, 1, 1, 1, 1, 0, 0 ], [ 1, 0, 0, 1, 0, 1, 1 ], [ 1, 1, 0, 1, 0, 1, 0 ], [ 1, 0, 1, 1, 0, 1, 1 ], 
          [ 1, 0, 0, 1, 1, 1, 0 ], [ 1, 0, 0, 1, 1, 1, 1 ] ],
      ListAdjacentVert := [ [ 1, -1, 0, 0, 0, 2, 1 ], [ 1, -1, 1, 0, 1, 1, 1 ], [ 1, 0, -1, 0, 0, 2, 0 ], 
          [ 1, 1, 0, 0, 0, 2, -1 ], [ 1, 1, -1, 0, 1, 1, -1 ], [ 1, 1, 1, 0, 1, 1, -1 ], [ 1, 0, 1, 0, 2, 0, 0 ], 
          [ 1, 1, -1, 0, 0, 2, -1 ], [ 1, 0, 1, 0, 0, 2, 0 ], [ 1, 1, 0, 2, 0, 0, 1 ], [ 1, 1, 0, 0, 2, 0, -1 ], 
          [ 1, 1, 1, 2, 1, -1, 1 ], [ 1, 1, 1, 0, 2, 0, -1 ], [ 1, -1, 1, 0, 0, 2, 1 ], [ 1, 1, -1, 1, 0, 1, 0 ], 
          [ 1, 0, 1, 2, 0, 0, 2 ], [ 1, 1, 1, 1, 2, -1, 0 ], [ 1, -1, 1, 1, 0, 1, 2 ], [ 1, 1, 1, 2, 0, 0, 1 ], 
          [ 1, 1, 1, 1, 0, 1, 0 ], [ 1, -1, 0, 1, 0, 2, 1 ], [ 1, -1, 0, 1, 0, 2, 2 ], [ 1, -1, 1, 1, 1, 1, 1 ], 
          [ 1, 0, -1, 1, 0, 2, 0 ], [ 1, 0, 0, 1, 0, 2, 0 ], [ 1, -1, 1, 1, 1, 1, 2 ], [ 1, 0, -1, 1, 0, 2, 1 ], 
          [ 1, 0, 0, 1, 0, 2, 1 ], [ 1, 1, -1, 1, 1, 1, -1 ], [ 1, 0, 1, 1, 1, 1, 0 ], [ 1, 0, 1, 1, 2, 0, 0 ], 
          [ 1, 0, 0, 2, 0, 1, 1 ], [ 1, 1, -1, 1, 1, 1, 0 ], [ 1, 0, 1, 1, 1, 1, 1 ], [ 1, 0, 1, 1, 2, 0, 1 ], 
          [ 1, 0, 0, 2, 0, 1, 2 ], [ 1, 1, 0, 1, 2, 0, -1 ], [ 1, 0, -1, 1, 1, 1, 0 ], [ 1, 1, 0, 1, 1, 1, -1 ], 
          [ 1, 0, 1, 2, 1, 0, 1 ], [ 1, 1, 0, 1, 2, 0, 0 ], [ 1, 0, -1, 1, 1, 1, 1 ], [ 1, 1, 0, 1, 1, 1, 0 ], 
          [ 1, 0, 1, 2, 1, 0, 2 ], [ 1, 0, 0, 1, 2, 0, 0 ], [ 1, -1, 0, 1, 1, 1, 1 ], [ 1, 0, -1, 0, 1, 2, -1 ], 
          [ 1, 1, 0, 2, 1, 0, 0 ], [ 1, 0, 0, 1, 2, 0, 1 ], [ 1, -1, 0, 1, 1, 1, 2 ], [ 1, 0, -1, 0, 1, 2, 0 ], 
          [ 1, 1, 0, 2, 1, 0, 1 ], [ 1, 0, 0, 0, 2, 1, -1 ], [ 1, -1, 0, 0, 1, 2, 0 ], [ 1, 0, 0, 2, 1, 0, 1 ], 
          [ 1, 0, 0, 0, 2, 1, 0 ], [ 1, -1, 0, 0, 1, 2, 1 ], [ 1, 0, 0, 2, 1, 0, 2 ], [ 1, 0, 0, 0, 1, 2, -1 ], 
          [ 1, 0, 0, 0, 1, 2, 0 ], [ 1, 0, 0, -1, 0, 2, -1 ], [ 1, 0, 0, -1, 0, 2, 0 ], [ 1, 0, 1, -1, 1, 1, -1 ], 
          [ 1, 0, 0, 0, 0, 1, 0 ], [ 1, 1, 0, -1, 0, 2, -2 ], [ 1, 0, 1, -1, 1, 1, 0 ], [ 1, 0, 0, 0, 0, 1, 1 ], 
          [ 1, 1, 0, -1, 0, 2, -1 ], [ 1, 1, 0, -1, 1, 1, -2 ], [ 1, 0, 1, 0, 1, 0, 0 ], [ 1, 1, 1, -1, 1, 1, -2 ], 
          [ 1, 2, 0, 0, 0, 1, -2 ], [ 1, 0, 1, -1, 0, 2, -1 ], [ 1, 1, 0, 1, 0, 0, 0 ], [ 1, 1, 0, -1, 1, 1, -1 ], 
          [ 1, 0, 1, 0, 1, 0, 1 ], [ 1, 1, 1, -1, 1, 1, -1 ], [ 1, 2, 0, 0, 0, 1, -1 ], [ 1, 0, 1, -1, 0, 2, 0 ], 
          [ 1, 1, 0, 1, 0, 0, 1 ], [ 1, 1, 0, 0, 1, 0, -1 ], [ 1, 2, 1, 0, 1, 0, -2 ], [ 1, 1, 1, 1, 1, -1, 0 ], 
          [ 1, 0, 2, 0, 0, 1, 0 ], [ 1, 2, 0, 1, 0, 0, -1 ], [ 1, 0, 1, 1, 0, 0, 1 ], [ 1, 1, 0, 0, 1, 0, 0 ], 
          [ 1, 2, 1, 0, 1, 0, -1 ], [ 1, 1, 1, 1, 1, -1, 1 ], [ 1, 0, 2, 0, 0, 1, 1 ], [ 1, 2, 0, 1, 0, 0, 0 ], 
          [ 1, 0, 1, 1, 0, 0, 2 ], [ 1, 2, 0, 0, 1, 0, -2 ], [ 1, 1, 2, 0, 1, 0, -1 ], [ 1, 2, 1, 1, 1, -1, -1 ], 
          [ 1, 0, 1, 0, -1, 2, 0 ], [ 1, 0, 2, 1, 0, 0, 1 ], [ 1, 2, 1, 1, 0, 0, -1 ], [ 1, 2, 0, 0, 1, 0, -1 ], 
          [ 1, 1, 2, 0, 1, 0, 0 ], [ 1, 2, 1, 1, 1, -1, 0 ], [ 1, 0, 1, 0, -1, 2, 1 ], [ 1, 0, 2, 1, 0, 0, 2 ], 
          [ 1, 2, 1, 1, 0, 0, 0 ], [ 1, 0, 2, 0, 1, 0, 0 ], [ 1, 1, 0, 0, -1, 2, -1 ], [ 1, 1, 2, 1, 1, -1, 0 ], 
          [ 1, 0, 1, 1, -1, 1, 1 ], [ 1, 1, 2, 1, 0, 0, 0 ], [ 1, 0, 2, 0, 1, 0, 1 ], [ 1, 1, 0, 0, -1, 2, 0 ], 
          [ 1, 1, 2, 1, 1, -1, 1 ], [ 1, 0, 1, 1, -1, 1, 2 ], [ 1, 1, 2, 1, 0, 0, 1 ], [ 1, 0, 0, 0, -1, 2, 0 ], 
          [ 1, 1, 0, 1, -1, 1, 0 ], [ 1, 1, 1, 1, -1, 1, 0 ], [ 1, 0, 0, 0, -1, 2, 1 ], [ 1, 1, 0, 1, -1, 1, 1 ], 
          [ 1, 1, 1, 1, -1, 1, 1 ], [ 1, 0, 0, 0, 0, 2, -1 ], [ 1, 0, 0, 0, 0, 2, 1 ], [ 1, 0, 1, 0, 1, 1, -1 ], 
          [ 1, 0, 0, 1, 0, 1, 0 ], [ 1, 0, 1, 0, 1, 1, 1 ], [ 1, 0, 0, 1, 0, 1, 2 ], [ 1, 1, 0, 0, 1, 1, -2 ], 
          [ 1, 0, 1, 1, 1, 0, 0 ], [ 1, 1, 0, 1, 0, 1, -1 ], [ 1, 1, 0, 0, 1, 1, 0 ], [ 1, 0, 1, 1, 1, 0, 2 ], 
          [ 1, 1, 0, 1, 0, 1, 1 ], [ 1, 1, 0, 1, 1, 0, -1 ], [ 1, 0, 0, 0, 1, 1, -1 ], [ 1, 1, 1, 1, 1, 0, -1 ], 
          [ 1, 0, 1, 1, 0, 1, 0 ], [ 1, 1, 0, 1, 1, 0, 1 ], [ 1, 0, 0, 0, 1, 1, 1 ], [ 1, 1, 1, 1, 1, 0, 1 ], 
          [ 1, 0, 1, 1, 0, 1, 2 ], [ 1, 0, 0, 1, -1, 2, 1 ], [ 1, 0, 2, 1, 1, 0, 1 ], [ 1, 2, 0, 1, 1, 0, -1 ], 
          [ 1, 0, 0, 1, 1, 0, 1 ], [ 1, 0, 0, -1, 1, 2, -1 ], [ 1, 0, 0, 1, 1, 1, -1 ], [ 1, 0, 0, 1, 1, 1, 2 ], 
          [ 1, 0, 1, 0, 0, 1, -1 ], [ 1, 0, 1, 0, 0, 1, 2 ], [ 1, 1, 0, 0, 0, 1, -2 ], [ 1, 1, 1, 0, 0, 1, -2 ], 
          [ 1, 1, 0, 0, 0, 1, 1 ], [ 1, 1, 1, 0, 0, 1, 1 ], [ 1, 1, 1, 0, 1, 0, -2 ], [ 1, 1, 1, 1, 0, 0, -1 ], 
          [ 1, 1, 1, 0, 1, 0, 1 ], [ 1, 1, 1, 1, 0, 0, 2 ], [ 1, 1, 1, -1, 0, 1, -1 ], [ 1, 1, 1, 0, 0, 0, 0 ], 
          [ 1, 2, 1, 0, 0, 0, -1 ], [ 1, 1, 2, 0, 0, 0, 0 ], [ 1, 1, 1, 0, -1, 1, 0 ], [ 1, 1, 1, 0, 1, 0, -1 ], 
          [ 1, 1, 1, 0, 1, 0, 0 ], [ 1, 1, 0, 0, 0, 1, -1 ], [ 1, 1, 0, 0, 0, 1, 0 ], [ 1, 0, 1, 0, 0, 1, 0 ], 
          [ 1, 0, 1, 0, 0, 1, 1 ], [ 1, 1, 1, 0, 0, 1, -1 ], [ 1, 1, 1, 0, 0, 1, 0 ], [ 1, 0, 0, 0, 1, 1, 0 ], 
          [ 1, 1, 0, 0, 1, 1, -1 ], [ 1, 0, 1, 0, 1, 1, 0 ], [ 1, 0, 0, 0, 0, 2, 0 ], [ 1, 1, 1, 1, 0, 0, 0 ], 
          [ 1, 1, 1, 1, 0, 0, 1 ], [ 1, 1, 0, 1, 1, 0, 0 ], [ 1, 0, 1, 1, 1, 0, 1 ], [ 1, 1, 1, 1, 1, 0, 0 ], 
          [ 1, 0, 0, 1, 0, 1, 1 ], [ 1, 1, 0, 1, 0, 1, 0 ], [ 1, 0, 1, 1, 0, 1, 1 ], [ 1, 0, 0, 1, 1, 1, 0 ], 
          [ 1, 0, 0, 1, 1, 1, 1 ] ],
      TheQuadForm := [ [ 6, 2, 1, 3, 5, 2 ], [ 2, 4, 2, 2, 4, 0 ], [ 1, 2, 4, 1, 3, -1 ], [ 3, 2, 1, 4, 4, 1 ], 
          [ 5, 4, 3, 4, 8, 1 ], [ 2, 0, -1, 1, 1, 2 ] ],
      TheQuadFunction := [ [ 24, -10, -8, -6, -8, -14, -2 ], [ -10, 6, 2, 1, 3, 5, 2 ], [ -8, 2, 4, 2, 2, 4, 0 ], 
          [ -6, 1, 2, 4, 1, 3, -1 ], [ -8, 3, 2, 1, 4, 4, 1 ], [ -14, 5, 4, 3, 4, 8, 1 ], [ -2, 2, 0, -1, 1, 1, 2 ] ]
       ,
      TheStab := rec(
          GRPperm := Group( [ ( 3, 5)( 4, 6)(10,11)(15,16)(19,20), ( 7,13)( 8,14)(10,15)(11,16)(12,18), 
              ( 5, 7)( 6, 8)( 9,10)(16,17)(18,19), ( 1, 2)( 3, 4)( 5, 6)( 7, 8)(13,14)(21,22), 
              ( 1, 3)( 2, 4)(11,12)(16,18)(17,19) ] ),
          TheMatrGRP := 
           Group(
            [ [ [ 1, 0, 0, 0, 0, 0, 0 ], [ 0, 0, 1, 0, 0, 0, 1 ], [ 0, 1, 0, 0, 0, 0, -1 ], [ 0, 0, 0, 1, 0, 0, 0 ], 
                  [ 0, 0, 0, 0, 1, 0, 0 ], [ 0, 0, 0, 0, 0, 1, 0 ], [ 0, 0, 0, 0, 0, 0, 1 ] ], 
              [ [ 1, 0, 0, -3, 0, 3, -3 ], [ 0, 1, 0, 1, 0, -1, 1 ], [ 0, 0, 1, 1, 0, -1, 1 ], 
                  [ 0, 0, 0, 1, 0, 0, 0 ], [ 0, 0, 0, 1, 1, -1, 1 ], [ 0, 0, 0, 2, 0, -1, 2 ], 
                  [ 0, 0, 0, 0, 0, 0, 1 ] ], 
              [ [ 1, 4, 0, 0, 0, 0, -4 ], [ 0, -1, 0, 0, 0, 0, 2 ], [ 0, -1, 1, 0, 0, 0, 1 ], 
                  [ 0, -1, 0, 1, 0, 0, 1 ], [ 0, -1, 0, 0, 1, 0, 1 ], [ 0, -2, 0, 0, 0, 1, 2 ], 
                  [ 0, 0, 0, 0, 0, 0, 1 ] ], 
              [ [ 1, 0, 0, 0, 0, 0, 2 ], [ 0, 1, 0, 0, 0, 0, -2 ], [ 0, 0, 1, 0, 0, 0, 0 ], [ 0, 0, 0, 1, 0, 0, 1 ], 
                  [ 0, 0, 0, 0, 1, 0, -1 ], [ 0, 0, 0, 0, 0, 1, -1 ], [ 0, 0, 0, 0, 0, 0, -1 ] ], 
              [ [ 1, 0, 1, 0, 1, -1, 0 ], [ 0, 1, 0, 0, 0, 0, 0 ], [ 0, 0, 0, 0, -1, 1, 0 ], [ 0, 0, 0, 1, 0, 0, 0 ],
                  [ 0, 0, -1, 0, 0, 1, 0 ], [ 0, 0, 0, 0, 0, 1, 0 ], [ 0, 0, 0, 0, 0, 0, 1 ] ] ]),
          phi := GroupHomomorphismByImages( Group( [ ( 3, 5)( 4, 6)(10,11)(15,16)(19,20), 
              ( 7,13)( 8,14)(10,15)(11,16)(12,18), ( 5, 7)( 6, 8)( 9,10)(16,17)(18,19), 
              ( 1, 2)( 3, 4)( 5, 6)( 7, 8)(13,14)(21,22), ( 1, 3)( 2, 4)(11,12)(16,18)(17,19) ] ), Group(
            [ [ [ 1, 0, 0, 0, 0, 0, 0 ], [ 0, 0, 1, 0, 0, 0, 1 ], [ 0, 1, 0, 0, 0, 0, -1 ], [ 0, 0, 0, 1, 0, 0, 0 ], 
                  [ 0, 0, 0, 0, 1, 0, 0 ], [ 0, 0, 0, 0, 0, 1, 0 ], [ 0, 0, 0, 0, 0, 0, 1 ] ], 
              [ [ 1, 0, 0, -3, 0, 3, -3 ], [ 0, 1, 0, 1, 0, -1, 1 ], [ 0, 0, 1, 1, 0, -1, 1 ], 
                  [ 0, 0, 0, 1, 0, 0, 0 ], [ 0, 0, 0, 1, 1, -1, 1 ], [ 0, 0, 0, 2, 0, -1, 2 ], 
                  [ 0, 0, 0, 0, 0, 0, 1 ] ], 
              [ [ 1, 4, 0, 0, 0, 0, -4 ], [ 0, -1, 0, 0, 0, 0, 2 ], [ 0, -1, 1, 0, 0, 0, 1 ], 
                  [ 0, -1, 0, 1, 0, 0, 1 ], [ 0, -1, 0, 0, 1, 0, 1 ], [ 0, -2, 0, 0, 0, 1, 2 ], 
                  [ 0, 0, 0, 0, 0, 0, 1 ] ], 
              [ [ 1, 0, 0, 0, 0, 0, 2 ], [ 0, 1, 0, 0, 0, 0, -2 ], [ 0, 0, 1, 0, 0, 0, 0 ], [ 0, 0, 0, 1, 0, 0, 1 ], 
                  [ 0, 0, 0, 0, 1, 0, -1 ], [ 0, 0, 0, 0, 0, 1, -1 ], [ 0, 0, 0, 0, 0, 0, -1 ] ], 
              [ [ 1, 0, 1, 0, 1, -1, 0 ], [ 0, 1, 0, 0, 0, 0, 0 ], [ 0, 0, 0, 0, -1, 1, 0 ], [ 0, 0, 0, 1, 0, 0, 0 ],
                  [ 0, 0, -1, 0, 0, 1, 0 ], [ 0, 0, 0, 0, 0, 1, 0 ], [ 0, 0, 0, 0, 0, 0, 1 ] ] ]), 
            [ ( 3, 5)( 4, 6)(10,11)(15,16)(19,20), ( 7,13)( 8,14)(10,15)(11,16)(12,18), 
              ( 5, 7)( 6, 8)( 9,10)(16,17)(18,19), ( 1, 2)( 3, 4)( 5, 6)( 7, 8)(13,14)(21,22), 
              ( 1, 3)( 2, 4)(11,12)(16,18)(17,19) ], 
            [ [ [ 1, 0, 0, 0, 0, 0, 0 ], [ 0, 0, 1, 0, 0, 0, 1 ], [ 0, 1, 0, 0, 0, 0, -1 ], [ 0, 0, 0, 1, 0, 0, 0 ], 
                  [ 0, 0, 0, 0, 1, 0, 0 ], [ 0, 0, 0, 0, 0, 1, 0 ], [ 0, 0, 0, 0, 0, 0, 1 ] ], 
              [ [ 1, 0, 0, -3, 0, 3, -3 ], [ 0, 1, 0, 1, 0, -1, 1 ], [ 0, 0, 1, 1, 0, -1, 1 ], 
                  [ 0, 0, 0, 1, 0, 0, 0 ], [ 0, 0, 0, 1, 1, -1, 1 ], [ 0, 0, 0, 2, 0, -1, 2 ], 
                  [ 0, 0, 0, 0, 0, 0, 1 ] ], 
              [ [ 1, 4, 0, 0, 0, 0, -4 ], [ 0, -1, 0, 0, 0, 0, 2 ], [ 0, -1, 1, 0, 0, 0, 1 ], 
                  [ 0, -1, 0, 1, 0, 0, 1 ], [ 0, -1, 0, 0, 1, 0, 1 ], [ 0, -2, 0, 0, 0, 1, 2 ], 
                  [ 0, 0, 0, 0, 0, 0, 1 ] ], 
              [ [ 1, 0, 0, 0, 0, 0, 2 ], [ 0, 1, 0, 0, 0, 0, -2 ], [ 0, 0, 1, 0, 0, 0, 0 ], [ 0, 0, 0, 1, 0, 0, 1 ], 
                  [ 0, 0, 0, 0, 1, 0, -1 ], [ 0, 0, 0, 0, 0, 1, -1 ], [ 0, 0, 0, 0, 0, 0, -1 ] ], 
              [ [ 1, 0, 1, 0, 1, -1, 0 ], [ 0, 1, 0, 0, 0, 0, 0 ], [ 0, 0, 0, 0, -1, 1, 0 ], [ 0, 0, 0, 1, 0, 0, 0 ],
                  [ 0, 0, -1, 0, 0, 1, 0 ], [ 0, 0, 0, 0, 0, 1, 0 ], [ 0, 0, 0, 0, 0, 0, 1 ] ] ] ) ),
      VectSpace := [  ],
      n := 6 ) ];
