return [ rec(
      EXT := [ [ 1, 0, 0, 0, 0, 0, 0 ], [ 1, 0, 0, 1, 0, 0, 0 ], [ 1, 0, 1, 0, 0, 0, 0 ], [ 1, 0, 1, 1, 0, 0, 0 ], 
          [ 1, 1, 0, 0, 0, 0, 0 ], [ 1, 1, 0, 1, 0, 0, 0 ], [ 1, 1, 1, 0, 0, 0, 0 ], [ 1, 1, 1, 1, 0, 0, 0 ] ],
      ListAdjacentVert := [ [ 1, -1, 0, 0, 0, 0, 0 ], [ 1, -1, 0, 1, 0, 0, 0 ], [ 1, -1, 1, 0, 0, 0, 0 ], 
          [ 1, 2, 0, 0, 0, 0, 0 ], [ 1, -1, 1, 1, 0, 0, 0 ], [ 1, 2, 0, 1, 0, 0, 0 ], [ 1, 2, 1, 0, 0, 0, 0 ], 
          [ 1, 2, 1, 1, 0, 0, 0 ], [ 1, 0, -1, 0, 0, 0, 0 ], [ 1, 0, -1, 1, 0, 0, 0 ], [ 1, 0, 2, 0, 0, 0, 0 ], 
          [ 1, 1, -1, 0, 0, 0, 0 ], [ 1, 0, 2, 1, 0, 0, 0 ], [ 1, 1, -1, 1, 0, 0, 0 ], [ 1, 1, 2, 0, 0, 0, 0 ], 
          [ 1, 1, 2, 1, 0, 0, 0 ], [ 1, 0, 0, -1, 0, 0, 0 ], [ 1, 0, 0, 2, 0, 0, 0 ], [ 1, 0, 1, -1, 0, 0, 0 ], 
          [ 1, 1, 0, -1, 0, 0, 0 ], [ 1, 0, 1, 2, 0, 0, 0 ], [ 1, 1, 0, 2, 0, 0, 0 ], [ 1, 1, 1, -1, 0, 0, 0 ], 
          [ 1, 1, 1, 2, 0, 0, 0 ], [ 1, 0, 0, 0, 0, 0, 0 ], [ 1, 0, 0, 1, 0, 0, 0 ], [ 1, 0, 1, 0, 0, 0, 0 ], 
          [ 1, 0, 1, 1, 0, 0, 0 ], [ 1, 1, 0, 0, 0, 0, 0 ], [ 1, 1, 0, 1, 0, 0, 0 ], [ 1, 1, 1, 0, 0, 0, 0 ], 
          [ 1, 1, 1, 1, 0, 0, 0 ] ],
      TheQuadForm := [ [ 8, 0, 0, 0, 0, 0 ], [ 0, 4, 0, 0, 0, 0 ], [ 0, 0, 2, 0, 0, 0 ], [ 0, 0, 0, 0, 0, 0 ], 
          [ 0, 0, 0, 0, 0, 0 ], [ 0, 0, 0, 0, 0, 0 ] ],
      TheQuadFunction := [ [ 0, -4, -2, -1, 0, 0, 0 ], [ -4, 8, 0, 0, 0, 0, 0 ], [ -2, 0, 4, 0, 0, 0, 0 ], 
          [ -1, 0, 0, 2, 0, 0, 0 ], [ 0, 0, 0, 0, 0, 0, 0 ], [ 0, 0, 0, 0, 0, 0, 0 ], [ 0, 0, 0, 0, 0, 0, 0 ] ],
      TheStab := rec(
          GRPperm := Group( [ (3,5)(4,6), (1,2)(3,4)(5,6)(7,8), (1,3)(2,4)(5,7)(6,8) ] ),
          TheMatrGRP := 
           Group(
            [ [ [ 1, 0, 0, 0, 0, 0, 0 ], [ 0, 0, 1, 0, 1, -1, 0 ], [ 0, 1, 0, 0, -1, 1, 0 ], [ 0, 0, 0, 1, 0, 0, 0 ],
                  [ 0, 0, 0, 0, 1, 0, 0 ], [ 0, 0, 0, 0, 0, 1, 0 ], [ 0, 0, 0, 0, 0, 0, 1 ] ], 
              [ [ 1, 0, 0, 1, 0, 0, -1 ], [ 0, 1, 0, 0, 0, 0, 0 ], [ 0, 0, 1, 0, 0, 0, 0 ], [ 0, 0, 0, -1, 0, 0, 2 ],
                  [ 0, 0, 0, 0, 1, 0, 0 ], [ 0, 0, 0, 0, 0, 1, 0 ], [ 0, 0, 0, 0, 0, 0, 1 ] ], 
              [ [ 1, 0, 1, 0, 0, -1, 0 ], [ 0, 1, 0, 0, 0, 0, 0 ], [ 0, 0, -1, 0, 0, 2, 0 ], [ 0, 0, 0, 1, 0, 0, 0 ],
                  [ 0, 0, 0, 0, 1, 0, 0 ], [ 0, 0, 0, 0, 0, 1, 0 ], [ 0, 0, 0, 0, 0, 0, 1 ] ] ]),
          phi := GroupHomomorphismByImages( Group( [ (3,5)(4,6), (1,2)(3,4)(5,6)(7,8), (1,3)(2,4)(5,7)(6,8) 
             ] ), Group(
            [ [ [ 1, 0, 0, 0, 0, 0, 0 ], [ 0, 0, 1, 0, 1, -1, 0 ], [ 0, 1, 0, 0, -1, 1, 0 ], [ 0, 0, 0, 1, 0, 0, 0 ],
                  [ 0, 0, 0, 0, 1, 0, 0 ], [ 0, 0, 0, 0, 0, 1, 0 ], [ 0, 0, 0, 0, 0, 0, 1 ] ], 
              [ [ 1, 0, 0, 1, 0, 0, -1 ], [ 0, 1, 0, 0, 0, 0, 0 ], [ 0, 0, 1, 0, 0, 0, 0 ], [ 0, 0, 0, -1, 0, 0, 2 ],
                  [ 0, 0, 0, 0, 1, 0, 0 ], [ 0, 0, 0, 0, 0, 1, 0 ], [ 0, 0, 0, 0, 0, 0, 1 ] ], 
              [ [ 1, 0, 1, 0, 0, -1, 0 ], [ 0, 1, 0, 0, 0, 0, 0 ], [ 0, 0, -1, 0, 0, 2, 0 ], [ 0, 0, 0, 1, 0, 0, 0 ],
                  [ 0, 0, 0, 0, 1, 0, 0 ], [ 0, 0, 0, 0, 0, 1, 0 ], [ 0, 0, 0, 0, 0, 0, 1 ] ] ]), 
            [ (3,5)(4,6), (1,2)(3,4)(5,6)(7,8), (1,3)(2,4)(5,7)(6,8) ], 
            [ [ [ 1, 0, 0, 0, 0, 0, 0 ], [ 0, 0, 1, 0, 1, -1, 0 ], [ 0, 1, 0, 0, -1, 1, 0 ], [ 0, 0, 0, 1, 0, 0, 0 ],
                  [ 0, 0, 0, 0, 1, 0, 0 ], [ 0, 0, 0, 0, 0, 1, 0 ], [ 0, 0, 0, 0, 0, 0, 1 ] ], 
              [ [ 1, 0, 0, 1, 0, 0, -1 ], [ 0, 1, 0, 0, 0, 0, 0 ], [ 0, 0, 1, 0, 0, 0, 0 ], [ 0, 0, 0, -1, 0, 0, 2 ],
                  [ 0, 0, 0, 0, 1, 0, 0 ], [ 0, 0, 0, 0, 0, 1, 0 ], [ 0, 0, 0, 0, 0, 0, 1 ] ], 
              [ [ 1, 0, 1, 0, 0, -1, 0 ], [ 0, 1, 0, 0, 0, 0, 0 ], [ 0, 0, -1, 0, 0, 2, 0 ], [ 0, 0, 0, 1, 0, 0, 0 ],
                  [ 0, 0, 0, 0, 1, 0, 0 ], [ 0, 0, 0, 0, 0, 1, 0 ], [ 0, 0, 0, 0, 0, 0, 1 ] ] ] ) ),
      VectSpace := [ [ 0, 0, 0, 1, 0, 0 ], [ 0, 0, 0, 0, 1, 0 ], [ 0, 0, 0, 0, 0, 1 ] ],
      n := 6 ), rec(
      EXT := [ [ 1, 0, 0, 0, 0, 0, 0 ], [ 1, 0, 1, 0, -1, 0, 1 ], [ 1, 1, 1, -1, -1, 1, 1 ] ],
      ListAdjacentVert := [ [ 1, -1, 0, 1, 0, -1, 0 ], [ 1, 1, 0, -1, 0, 1, 0 ], [ 1, 1, 2, -1, -2, 1, 2 ], 
          [ 1, 0, 0, 0, 0, 0, 0 ], [ 1, 0, 1, 0, -1, 0, 1 ], [ 1, 1, 1, -1, -1, 1, 1 ] ],
      TheQuadForm := [ [ 2, -1, 0, 0, 0, 0 ], [ -1, 2, 0, 0, 0, 0 ], [ 0, 0, 0, 0, 0, 0 ], [ 0, 0, 0, 0, 0, 0 ], 
          [ 0, 0, 0, 0, 0, 0 ], [ 0, 0, 0, 0, 0, 0 ] ],
      TheQuadFunction := [ [ 0, 0, -1, 0, 0, 0, 0 ], [ 0, 2, -1, 0, 0, 0, 0 ], [ -1, -1, 2, 0, 0, 0, 0 ], 
          [ 0, 0, 0, 0, 0, 0, 0 ], [ 0, 0, 0, 0, 0, 0, 0 ], [ 0, 0, 0, 0, 0, 0, 0 ], [ 0, 0, 0, 0, 0, 0, 0 ] ],
      TheStab := rec(
          GRPperm := Group( [ (1,3) ] ),
          TheMatrGRP := 
           Group(
            [ [ [ 1, 1, 1, -1, -1, 1, 1 ], [ 0, 0, -1, 1, 1, -1, -1 ], [ 0, -1, 0, 1, 1, -1, -1 ], 
                  [ 0, 0, 0, 1, 0, 0, 0 ], [ 0, 0, 0, 0, 1, 0, 0 ], [ 0, 0, 0, 0, 0, 1, 0 ], [ 0, 0, 0, 0, 0, 0, 1 ] 
                 ] ]),
          phi := GroupHomomorphismByImages( Group( [ (1,3) ] ), Group(
            [ [ [ 1, 1, 1, -1, -1, 1, 1 ], [ 0, 0, -1, 1, 1, -1, -1 ], [ 0, -1, 0, 1, 1, -1, -1 ], 
                  [ 0, 0, 0, 1, 0, 0, 0 ], [ 0, 0, 0, 0, 1, 0, 0 ], [ 0, 0, 0, 0, 0, 1, 0 ], [ 0, 0, 0, 0, 0, 0, 1 ] 
                 ] ]), [ (1,3) ], 
            [ [ [ 1, 1, 1, -1, -1, 1, 1 ], [ 0, 0, -1, 1, 1, -1, -1 ], [ 0, -1, 0, 1, 1, -1, -1 ], 
                  [ 0, 0, 0, 1, 0, 0, 0 ], [ 0, 0, 0, 0, 1, 0, 0 ], [ 0, 0, 0, 0, 0, 1, 0 ], [ 0, 0, 0, 0, 0, 0, 1 ] 
                 ] ] ) ),
      VectSpace := [ [ 0, 0, 1, 0, 0, 0 ], [ 0, 0, 0, 1, 0, 0 ], [ 0, 0, 0, 0, 1, 0 ], [ 0, 0, 0, 0, 0, 1 ] ],
      n := 6 ), rec(
      EXT := [ [ 1, 0, 0, 1, 1, 1, 0 ], [ 1, 0, 0, 2, 1, 1, 0 ], [ 1, 0, 0, 1, 1, 0, 1 ], [ 1, 0, 0, 1, 2, 0, 1 ], 
          [ 1, 0, 0, 1, 1, 1, 1 ], [ 1, 0, 1, 1, 0, 1, 0 ], [ 1, 0, 1, 1, 1, 1, 0 ], [ 1, 0, 1, 0, 1, 0, 1 ], 
          [ 1, 0, 1, 1, 1, 0, 1 ], [ 1, 0, 1, 1, 0, 2, 0 ], [ 1, 0, 1, 0, 0, 1, 1 ], [ 1, 0, 1, 1, 0, 1, 1 ], 
          [ 1, 0, 1, 0, 1, 1, 1 ], [ 1, 0, 1, 1, 1, 1, 1 ], [ 1, 0, 1, 0, 1, 0, 2 ], [ 1, 1, 0, 1, 1, 0, 0 ], 
          [ 1, 1, 0, 1, 0, 1, 0 ], [ 1, 1, 0, 1, 1, 1, 0 ], [ 1, 1, 0, 0, 1, 0, 1 ], [ 1, 1, 0, 1, 1, 0, 1 ], 
          [ 1, 1, 1, 0, 0, 1, 0 ], [ 1, 1, 1, 1, 0, 1, 0 ], [ 1, 1, 1, 0, 0, 0, 1 ], [ 1, 1, 1, 0, 1, 0, 1 ], 
          [ 1, 1, 1, 0, 0, 1, 1 ] ],
      ListAdjacentVert := [ [ 1, -1, 1, 1, 1, 1, 1 ], [ 1, 0, 2, 0, 0, 1, 1 ], [ 1, 0, 0, 0, 1, 1, 1 ], 
          [ 1, 1, 1, -1, 0, 1, 1 ], [ 1, 0, 0, 2, 1, 1, 1 ], [ 1, 0, 0, 1, 1, 2, 0 ], [ 1, 0, 0, 0, 2, 0, 1 ], 
          [ 1, 1, 1, 1, 0, 1, 1 ], [ 1, 1, 1, 0, 0, 2, 0 ], [ 1, 1, 1, -1, 1, 0, 1 ], [ 1, 0, 0, 1, 1, 0, 2 ], 
          [ 1, 0, 0, 2, 2, 0, 1 ], [ 1, 0, 0, 2, 1, 2, 0 ], [ 1, 0, 0, 1, 2, 1, 0 ], [ 1, 0, 0, 1, 0, 2, 0 ], 
          [ 1, 0, 0, 0, 1, 0, 1 ], [ 1, 1, 1, 0, 0, 0, 2 ], [ 1, 1, 1, 1, 1, 0, 1 ], [ 1, 1, 1, 1, 0, 2, 0 ], 
          [ 1, 1, 1, 0, 1, 1, 0 ], [ 1, 1, 1, 0, -1, 2, 0 ], [ 1, 1, 1, -1, 0, 0, 1 ], [ 1, 0, 0, 0, 1, 0, 2 ], 
          [ 1, 0, 0, 1, 2, -1, 2 ], [ 1, 0, 0, 1, 2, 0, 2 ], [ 1, 0, 0, 2, 1, 0, 1 ], [ 1, 0, 0, 2, 2, 1, 0 ], 
          [ 1, 0, 0, 2, 0, 2, 0 ], [ 1, 0, 0, 1, 0, 1, 0 ], [ 1, 0, 0, 1, 2, 0, 0 ], [ 1, 0, 0, 2, 1, 2, -1 ], 
          [ 1, 1, 1, -1, 0, 0, 2 ], [ 1, 1, 1, 0, 1, -1, 2 ], [ 1, 1, 1, 0, 1, 0, 2 ], [ 1, 1, 1, 1, 0, 0, 1 ], 
          [ 1, 1, 1, 1, 1, 1, 0 ], [ 1, 1, 1, 1, -1, 2, 0 ], [ 1, 1, 1, 0, -1, 1, 0 ], [ 1, 1, 1, 0, 1, 0, 0 ], 
          [ 1, 1, 1, 1, 0, 2, -1 ], [ 1, 0, 0, 0, 2, -1, 2 ], [ 1, 0, 0, 0, 2, 0, 2 ], [ 1, 0, 0, 2, 0, 1, 0 ], 
          [ 1, 0, 0, 1, 0, 1, 1 ], [ 1, 0, 0, 2, 2, 0, 0 ], [ 1, 0, 0, 2, 0, 2, -1 ], [ 1, 0, 0, 1, 1, 0, 0 ], 
          [ 1, 1, 1, -1, 1, -1, 2 ], [ 1, 1, 1, -1, 1, 0, 2 ], [ 1, 1, 1, 1, -1, 1, 0 ], [ 1, 1, 1, 0, -1, 1, 1 ], 
          [ 1, 1, 1, 1, 1, 0, 0 ], [ 1, 1, 1, 1, -1, 2, -1 ], [ 1, 1, 1, 0, 0, 0, 0 ], [ 1, 0, 0, 1, 2, 1, 1 ], 
          [ 1, 0, 0, 2, 1, 0, 0 ], [ 1, 0, 0, 1, 2, -1, 1 ], [ 1, 0, 0, 2, 1, 1, -1 ], [ 1, 1, 1, 0, 1, 1, 1 ], 
          [ 1, 1, 1, 1, 0, 0, 0 ], [ 1, 1, 1, 0, 1, -1, 1 ], [ 1, 1, 1, 1, 0, 1, -1 ], [ 1, 0, 0, 1, 1, 1, -1 ], 
          [ 1, 1, 1, 0, 0, 1, -1 ], [ 1, 0, 0, 3, 1, 1, -1 ], [ 1, 0, 0, 1, 0, 2, -1 ], [ 1, 1, 1, 2, 0, 1, -1 ], 
          [ 1, 1, 1, 0, -1, 2, -1 ], [ 1, 0, 0, 1, 1, -1, 1 ], [ 1, 0, 0, 3, 0, 2, -1 ], [ 1, 0, 0, 1, 1, 2, -1 ], 
          [ 1, 1, 1, 0, 0, -1, 1 ], [ 1, 1, 1, 2, -1, 2, -1 ], [ 1, 1, 1, 0, 0, 2, -1 ], [ 1, 0, 0, 1, 0, 0, 1 ], 
          [ 1, 0, 0, 1, 3, -1, 1 ], [ 1, 0, 0, 3, 1, 2, -1 ], [ 1, 0, 0, 0, 1, 1, 0 ], [ 1, 1, 1, 0, -1, 0, 1 ], 
          [ 1, 1, 1, 0, 2, -1, 1 ], [ 1, 1, 1, 2, 0, 2, -1 ], [ 1, 1, 1, -1, 0, 1, 0 ], [ 1, 0, 0, 1, 3, 0, 1 ], 
          [ 1, 0, 0, 1, 0, 2, 1 ], [ 1, 0, 0, 0, 1, -1, 2 ], [ 1, 0, 0, 3, 1, 1, 0 ], [ 1, 1, 1, 0, 2, 0, 1 ], 
          [ 1, 1, 1, 0, -1, 2, 1 ], [ 1, 1, 1, -1, 0, -1, 2 ], [ 1, 1, 1, 2, 0, 1, 0 ], [ 1, 0, 0, 0, 3, -1, 2 ], 
          [ 1, 0, 0, 1, 1, 2, 1 ], [ 1, 0, 0, 1, 1, -1, 2 ], [ 1, 1, 1, -1, 2, -1, 2 ], [ 1, 1, 1, 0, 0, 2, 1 ], 
          [ 1, 1, 1, 0, 0, -1, 2 ], [ 1, 0, 0, 1, 3, -1, 2 ], [ 1, 0, 0, 0, 1, 1, 2 ], [ 1, 1, 1, 0, 2, -1, 2 ], 
          [ 1, 1, 1, -1, 0, 1, 2 ], [ 1, 0, 0, 1, 1, 1, 2 ], [ 1, 1, 1, 0, 0, 1, 2 ], [ 1, 0, 1, 0, 0, 1, 0 ], 
          [ 1, 0, 1, 2, 0, 1, 0 ], [ 1, 0, 1, 1, 0, 2, -1 ], [ 1, 0, 1, 0, 1, 1, 0 ], [ 1, 0, 1, 1, 0, 0, 1 ], 
          [ 1, 0, 1, 2, 1, 1, 0 ], [ 1, 0, 1, 2, 0, 2, -1 ], [ 1, 0, 1, 0, 0, 2, 0 ], [ 1, 0, 1, 0, 0, 0, 1 ], 
          [ 1, 0, 1, 1, 2, 0, 1 ], [ 1, 0, 1, 0, 1, -1, 2 ], [ 1, 0, 1, 2, 0, 2, 0 ], [ 1, 0, 1, 0, 2, 0, 1 ], 
          [ 1, 0, 1, 0, 2, -1, 2 ], [ 1, 0, 1, 1, 0, 2, 1 ], [ 1, 0, 1, 0, 0, 0, 2 ], [ 1, 0, 1, 0, 0, 2, 1 ], 
          [ 1, 0, 1, 0, 0, 1, 2 ], [ 1, 0, 1, 0, 2, 0, 2 ], [ 1, 0, 1, 0, 1, 1, 2 ], [ 1, 0, 1, 0, 1, 0, 0 ], 
          [ 1, 0, 1, 2, 1, 0, 0 ], [ 1, 0, 1, 1, 1, 1, -1 ], [ 1, 0, 1, 0, -1, 2, 0 ], [ 1, 0, 1, 1, 1, -1, 1 ], 
          [ 1, 0, 1, 2, -1, 2, 0 ], [ 1, 0, 1, 2, 1, 1, -1 ], [ 1, 0, 1, 1, -1, 3, -1 ], [ 1, 0, 1, 1, 0, 1, -1 ], 
          [ 1, 0, 1, 0, 1, 2, 0 ], [ 1, 0, 1, 0, 1, -1, 1 ], [ 1, 0, 1, 1, -1, 1, 1 ], [ 1, 0, 1, 1, 2, -1, 1 ], 
          [ 1, 0, 1, 2, 1, 2, 0 ], [ 1, 0, 1, 2, -1, 3, -1 ], [ 1, 0, 1, 2, 0, 1, -1 ], [ 1, 0, 1, 1, 0, 3, -1 ], 
          [ 1, 0, 1, 1, -1, 2, -1 ], [ 1, 0, 1, -1, 1, 1, 1 ], [ 1, 0, 1, 0, -1, 1, 1 ], [ 1, 0, 1, 0, 2, -1, 1 ], 
          [ 1, 0, 1, 1, 2, 1, 1 ], [ 1, 0, 1, 1, -1, 2, 1 ], [ 1, 0, 1, -1, 1, -1, 3 ], [ 1, 0, 1, 2, 0, 3, -1 ], 
          [ 1, 0, 1, 1, 0, 0, 0 ], [ 1, 0, 1, 2, -1, 2, -1 ], [ 1, 0, 1, -1, 0, 1, 1 ], [ 1, 0, 1, 1, 1, 2, -1 ], 
          [ 1, 0, 1, 2, 1, 1, 1 ], [ 1, 0, 1, 0, 2, 1, 1 ], [ 1, 0, 1, 1, 2, 0, 0 ], [ 1, 0, 1, 0, -1, 2, 1 ], 
          [ 1, 0, 1, -1, 2, -1, 3 ], [ 1, 0, 1, 1, 1, 2, 1 ], [ 1, 0, 1, 0, 1, -1, 3 ], [ 1, 0, 1, -1, 0, 0, 2 ], 
          [ 1, 0, 1, 2, 1, 2, -1 ], [ 1, 0, 1, 1, -1, 1, 0 ], [ 1, 0, 1, 2, 0, 1, 1 ], [ 1, 0, 1, -1, 1, 0, 1 ], 
          [ 1, 0, 1, -1, 2, 0, 2 ], [ 1, 0, 1, 0, 1, 2, 1 ], [ 1, 0, 1, 1, -1, 3, 0 ], [ 1, 0, 1, 0, 2, -1, 3 ], 
          [ 1, 0, 1, -1, 1, 0, 3 ], [ 1, 0, 1, 1, 0, 0, 2 ], [ 1, 0, 1, -1, 1, -1, 2 ], [ 1, 0, 1, 1, 2, 1, 0 ], 
          [ 1, 0, 1, 2, 1, 0, 1 ], [ 1, 0, 1, 1, 2, 0, 2 ], [ 1, 0, 1, -1, 1, 1, 2 ], [ 1, 0, 1, 1, 0, 3, 0 ], 
          [ 1, 0, 1, 0, 1, 0, 3 ], [ 1, 0, 1, 1, 1, -1, 2 ], [ 1, 0, 1, -1, 2, -1, 2 ], [ 1, 0, 1, 1, 1, 1, 2 ], 
          [ 1, 0, 1, -1, 0, 1, 2 ], [ 1, 0, 1, 1, 2, -1, 2 ], [ 1, 0, 1, 1, 0, 1, 2 ], [ 1, 0, 1, 1, 1, 0, 0 ], 
          [ 1, 0, 1, 1, -1, 2, 0 ], [ 1, 0, 1, 1, 1, 2, 0 ], [ 1, 0, 1, -1, 1, 0, 2 ], [ 1, 0, 1, 1, 1, 0, 2 ], 
          [ 1, 1, 0, 0, 0, 1, 0 ], [ 1, 1, 0, 2, 0, 1, 0 ], [ 1, 1, 0, 1, 0, 2, -1 ], [ 1, 1, 0, 0, 1, 0, 0 ], 
          [ 1, 1, 0, 0, 1, 1, 0 ], [ 1, 1, 0, 1, 0, 0, 1 ], [ 1, 1, 0, 2, 1, 0, 0 ], [ 1, 1, 0, 2, 1, 1, 0 ], 
          [ 1, 1, 0, 2, 0, 2, -1 ], [ 1, 1, 0, 1, 1, 1, -1 ], [ 1, 1, 0, 0, 0, 0, 1 ], [ 1, 1, 0, 1, 1, -1, 1 ], 
          [ 1, 1, 0, 1, 2, 0, 1 ], [ 1, 1, 0, 0, 1, -1, 2 ], [ 1, 1, 0, 2, 1, 1, -1 ], [ 1, 1, 0, 1, 0, 1, -1 ], 
          [ 1, 1, 0, 0, 1, -1, 1 ], [ 1, 1, 0, 0, 2, 0, 1 ], [ 1, 1, 0, 1, 2, -1, 1 ], [ 1, 1, 0, 0, 2, -1, 2 ], 
          [ 1, 1, 0, 1, 1, 1, 1 ], [ 1, 1, 0, 2, 0, 1, -1 ], [ 1, 1, 0, 0, 2, -1, 1 ], [ 1, 1, 0, 0, 1, 1, 1 ], 
          [ 1, 1, 0, 1, 0, 1, 1 ], [ 1, 1, 0, 0, 1, 0, 2 ], [ 1, 1, 0, 1, 0, 0, 0 ], [ 1, 1, 0, 1, 2, 0, 0 ], 
          [ 1, 1, 0, 0, 0, 1, 1 ], [ 1, 1, 0, 1, 0, 2, 0 ], [ 1, 1, 0, 0, 0, 2, 0 ], [ 1, 1, 0, 2, 0, 2, 0 ], 
          [ 1, 1, 0, 0, 2, 0, 0 ], [ 1, 1, 0, 0, 0, 0, 2 ], [ 1, 1, 0, 2, 2, 0, 0 ], [ 1, 1, 0, 0, 0, 0, 0 ], 
          [ 1, 1, 0, 0, 2, -2, 2 ], [ 1, 1, 0, 0, 2, 0, 2 ], [ 1, 1, 0, 2, 0, 0, 0 ], [ 1, 1, 0, 2, 0, 2, -2 ], 
          [ 1, 1, 0, 1, 1, 0, -1 ], [ 1, 1, 0, 2, 1, 0, -1 ], [ 1, 1, 0, 1, -1, 2, -1 ], [ 1, 1, 0, 1, 1, -1, 0 ], 
          [ 1, 1, 0, 2, -1, 2, -1 ], [ 1, 1, 0, 1, 1, 2, -1 ], [ 1, 1, 0, 1, -1, 1, 0 ], [ 1, 1, 0, 1, 2, -1, 0 ], 
          [ 1, 1, 0, 2, 1, 2, -1 ], [ 1, 1, 0, -1, 1, 0, 1 ], [ 1, 1, 0, 1, 2, 1, 0 ], [ 1, 1, 0, 1, -1, 2, 0 ], 
          [ 1, 1, 0, -1, 1, -1, 2 ], [ 1, 1, 0, 2, 1, 0, 1 ], [ 1, 1, 0, -1, 2, -1, 2 ], [ 1, 1, 0, 1, 1, 2, 0 ], 
          [ 1, 1, 0, 1, 1, -1, 2 ], [ 1, 1, 0, 1, 2, -1, 2 ], [ 1, 1, 0, -1, 1, 0, 2 ], [ 1, 1, 0, 1, 1, 0, 2 ], 
          [ 1, 1, 1, 1, -1, 1, -1 ], [ 1, 0, 0, 2, 0, 1, -1 ], [ 1, 1, 1, 1, 1, 1, -1 ], [ 1, 0, 0, 2, 2, 1, -1 ], 
          [ 1, 1, 1, -1, 1, -1, 1 ], [ 1, 1, 1, 1, -1, 3, -1 ], [ 1, 0, 0, 0, 2, -1, 1 ], [ 1, 0, 0, 2, 0, 3, -1 ], 
          [ 1, 1, 1, 1, 1, -1, 1 ], [ 1, 1, 1, -1, -1, 1, 1 ], [ 1, 0, 0, 2, 2, -1, 1 ], [ 1, 0, 0, 0, 0, 1, 1 ], 
          [ 1, 1, 1, 1, -1, 1, 1 ], [ 1, 1, 1, -1, 1, 1, 1 ], [ 1, 0, 0, 2, 0, 1, 1 ], [ 1, 0, 0, 0, 2, 1, 1 ], 
          [ 1, 1, 1, 1, 1, 1, 1 ], [ 1, 0, 0, 2, 2, 1, 1 ], [ 1, 1, 1, -1, 1, -1, 3 ], [ 1, 0, 0, 0, 2, -1, 3 ], 
          [ 1, 2, 0, 0, 0, 0, 0 ], [ 1, 1, -1, 1, 1, 0, 0 ], [ 1, 2, 0, 1, 0, 0, 0 ], [ 1, 2, 0, 1, 0, 1, -1 ], 
          [ 1, 2, 0, 0, 1, 0, 0 ], [ 1, 1, -1, 2, 1, 0, 0 ], [ 1, 1, -1, 2, 1, 1, -1 ], [ 1, 1, -1, 1, 2, 0, 0 ], 
          [ 1, 2, 0, 1, 1, 0, 0 ], [ 1, 2, 0, 0, 0, 1, 0 ], [ 1, 1, -1, 2, 2, 0, 0 ], [ 1, 1, -1, 1, 1, 1, 0 ], 
          [ 1, 2, 0, 0, 1, -1, 1 ], [ 1, 2, 0, 1, 0, 1, 0 ], [ 1, 1, -1, 1, 2, -1, 1 ], [ 1, 1, -1, 2, 1, 1, 0 ], 
          [ 1, 2, 0, 0, 0, 0, 1 ], [ 1, 1, -1, 1, 1, 0, 1 ], [ 1, 2, 0, 0, 1, 0, 1 ], [ 1, 1, -1, 1, 2, 0, 1 ], 
          [ 1, 2, 1, -1, 0, 0, 1 ], [ 1, 0, -1, 1, 2, 0, 1 ], [ 1, 2, 1, 0, 0, 0, 1 ], [ 1, 2, 1, 0, 0, 1, 0 ], 
          [ 1, 0, -1, 2, 2, 0, 1 ], [ 1, 0, -1, 2, 2, 1, 0 ], [ 1, 2, 1, 0, -1, 1, 0 ], [ 1, 0, -1, 2, 1, 1, 0 ], 
          [ 1, 2, 1, 0, 0, 0, 0 ], [ 1, 0, -1, 2, 2, 0, 0 ], [ 1, 0, 0, 1, 1, 1, 0 ], [ 1, 0, 0, 2, 1, 1, 0 ], 
          [ 1, 0, 0, 1, 1, 0, 1 ], [ 1, 0, 0, 1, 2, 0, 1 ], [ 1, 0, 0, 1, 1, 1, 1 ], [ 1, 0, 1, 1, 0, 1, 0 ], 
          [ 1, 0, 1, 1, 1, 1, 0 ], [ 1, 0, 1, 0, 1, 0, 1 ], [ 1, 0, 1, 1, 1, 0, 1 ], [ 1, 0, 1, 1, 0, 2, 0 ], 
          [ 1, 0, 1, 0, 0, 1, 1 ], [ 1, 0, 1, 1, 0, 1, 1 ], [ 1, 0, 1, 0, 1, 1, 1 ], [ 1, 0, 1, 1, 1, 1, 1 ], 
          [ 1, 0, 1, 0, 1, 0, 2 ], [ 1, 1, 0, 1, 1, 0, 0 ], [ 1, 1, 0, 1, 0, 1, 0 ], [ 1, 1, 0, 1, 1, 1, 0 ], 
          [ 1, 1, 0, 0, 1, 0, 1 ], [ 1, 1, 0, 1, 1, 0, 1 ], [ 1, 1, 1, 0, 0, 1, 0 ], [ 1, 1, 1, 1, 0, 1, 0 ], 
          [ 1, 1, 1, 0, 0, 0, 1 ], [ 1, 1, 1, 0, 1, 0, 1 ], [ 1, 1, 1, 0, 0, 1, 1 ] ],
      TheQuadForm := [ [ 6, 2, 2, 2, 2, 2 ], [ 2, 6, 2, 2, 0, 0 ], [ 2, 2, 4, 0, 0, 2 ], [ 2, 2, 0, 4, 2, 0 ], 
          [ 2, 0, 0, 2, 4, 2 ], [ 2, 0, 2, 0, 2, 4 ] ],
      TheQuadFunction := [ [ 20, -9, -7, -6, -6, -6, -6 ], [ -9, 6, 2, 2, 2, 2, 2 ], [ -7, 2, 6, 2, 2, 0, 0 ], 
          [ -6, 2, 2, 4, 0, 0, 2 ], [ -6, 2, 2, 0, 4, 2, 0 ], [ -6, 2, 0, 0, 2, 4, 2 ], [ -6, 2, 0, 2, 0, 2, 4 ] ],
      TheStab := rec(
          GRPperm := Group( [ ( 4, 5)( 7,10)( 8,11)( 9,12)(16,17)(24,25), ( 3, 4)( 6, 7)(11,13)(12,14)(17,18)(23,24),
              ( 2, 3)( 7, 8)(10,11)(14,15)(18,19)(22,23), ( 1, 2)( 8, 9)(11,12)(13,14)(19,20)(21,22), 
              ( 1,21)( 2,22)( 3,23)( 4,24)( 5,25) ] ),
          TheMatrGRP := 
           Group(
            [ [ [ 1, 0, 0, 0, 0, 0, 0 ], [ 0, 1, 0, 0, 0, 0, 0 ], [ 0, 0, 1, 0, -1, 1, 0 ], [ 0, 0, 0, 1, 0, 0, 0 ], 
                  [ 0, 0, 0, 0, 0, 1, 0 ], [ 0, 0, 0, 0, 1, 0, 0 ], [ 0, 0, 0, 0, 1, -1, 1 ] ], 
              [ [ 1, 0, 0, 0, 3, 0, 0 ], [ 0, 1, 0, 0, -1, 0, 0 ], [ 0, 0, 1, 0, -1, 0, 0 ], [ 0, 0, 0, 1, 0, 0, 0 ],
                  [ 0, 0, 0, 0, -1, 0, 0 ], [ 0, 0, 0, 0, -1, 1, 0 ], [ 0, 0, 0, 0, 0, 0, 1 ] ], 
              [ [ 1, 0, 0, 3, 0, 3, -3 ], [ 0, 1, 0, -1, 0, -1, 1 ], [ 0, 0, 1, -1, 0, -1, 1 ], 
                  [ 0, 0, 0, 0, 0, -1, 1 ], [ 0, 0, 0, -1, 1, -1, 1 ], [ 0, 0, 0, -1, 0, 0, 1 ], 
                  [ 0, 0, 0, 0, 0, 0, 1 ] ], 
              [ [ 1, 0, 0, 3, 0, 0, 0 ], [ 0, 1, 0, -1, 0, 0, 0 ], [ 0, 0, 1, -1, 0, 0, 0 ], 
                  [ 0, 0, 0, -1, 0, 0, 0 ], [ 0, 0, 0, 0, 1, 0, 0 ], [ 0, 0, 0, 0, 0, 1, 0 ], 
                  [ 0, 0, 0, -1, 0, 0, 1 ] ], 
              [ [ 1, 1, 1, -1, -1, 0, 0 ], [ 0, 0, -1, 1, 1, 0, 0 ], [ 0, -1, 0, 1, 1, 0, 0 ], 
                  [ 0, 0, 0, 1, 0, 0, 0 ], [ 0, 0, 0, 0, 1, 0, 0 ], [ 0, 0, 0, 0, 0, 1, 0 ], [ 0, 0, 0, 0, 0, 0, 1 ] 
                 ] ]),
          phi := GroupHomomorphismByImages( Group( [ ( 4, 5)( 7,10)( 8,11)( 9,12)(16,17)(24,25), 
              ( 3, 4)( 6, 7)(11,13)(12,14)(17,18)(23,24), ( 2, 3)( 7, 8)(10,11)(14,15)(18,19)(22,23), 
              ( 1, 2)( 8, 9)(11,12)(13,14)(19,20)(21,22), ( 1,21)( 2,22)( 3,23)( 4,24)( 5,25) ] ), Group(
            [ [ [ 1, 0, 0, 0, 0, 0, 0 ], [ 0, 1, 0, 0, 0, 0, 0 ], [ 0, 0, 1, 0, -1, 1, 0 ], [ 0, 0, 0, 1, 0, 0, 0 ], 
                  [ 0, 0, 0, 0, 0, 1, 0 ], [ 0, 0, 0, 0, 1, 0, 0 ], [ 0, 0, 0, 0, 1, -1, 1 ] ], 
              [ [ 1, 0, 0, 0, 3, 0, 0 ], [ 0, 1, 0, 0, -1, 0, 0 ], [ 0, 0, 1, 0, -1, 0, 0 ], [ 0, 0, 0, 1, 0, 0, 0 ],
                  [ 0, 0, 0, 0, -1, 0, 0 ], [ 0, 0, 0, 0, -1, 1, 0 ], [ 0, 0, 0, 0, 0, 0, 1 ] ], 
              [ [ 1, 0, 0, 3, 0, 3, -3 ], [ 0, 1, 0, -1, 0, -1, 1 ], [ 0, 0, 1, -1, 0, -1, 1 ], 
                  [ 0, 0, 0, 0, 0, -1, 1 ], [ 0, 0, 0, -1, 1, -1, 1 ], [ 0, 0, 0, -1, 0, 0, 1 ], 
                  [ 0, 0, 0, 0, 0, 0, 1 ] ], 
              [ [ 1, 0, 0, 3, 0, 0, 0 ], [ 0, 1, 0, -1, 0, 0, 0 ], [ 0, 0, 1, -1, 0, 0, 0 ], 
                  [ 0, 0, 0, -1, 0, 0, 0 ], [ 0, 0, 0, 0, 1, 0, 0 ], [ 0, 0, 0, 0, 0, 1, 0 ], 
                  [ 0, 0, 0, -1, 0, 0, 1 ] ], 
              [ [ 1, 1, 1, -1, -1, 0, 0 ], [ 0, 0, -1, 1, 1, 0, 0 ], [ 0, -1, 0, 1, 1, 0, 0 ], 
                  [ 0, 0, 0, 1, 0, 0, 0 ], [ 0, 0, 0, 0, 1, 0, 0 ], [ 0, 0, 0, 0, 0, 1, 0 ], [ 0, 0, 0, 0, 0, 0, 1 ] 
                 ] ]), [ ( 4, 5)( 7,10)( 8,11)( 9,12)(16,17)(24,25), ( 3, 4)( 6, 7)(11,13)(12,14)(17,18)(23,24), 
              ( 2, 3)( 7, 8)(10,11)(14,15)(18,19)(22,23), ( 1, 2)( 8, 9)(11,12)(13,14)(19,20)(21,22), 
              ( 1,21)( 2,22)( 3,23)( 4,24)( 5,25) ], 
            [ [ [ 1, 0, 0, 0, 0, 0, 0 ], [ 0, 1, 0, 0, 0, 0, 0 ], [ 0, 0, 1, 0, -1, 1, 0 ], [ 0, 0, 0, 1, 0, 0, 0 ], 
                  [ 0, 0, 0, 0, 0, 1, 0 ], [ 0, 0, 0, 0, 1, 0, 0 ], [ 0, 0, 0, 0, 1, -1, 1 ] ], 
              [ [ 1, 0, 0, 0, 3, 0, 0 ], [ 0, 1, 0, 0, -1, 0, 0 ], [ 0, 0, 1, 0, -1, 0, 0 ], [ 0, 0, 0, 1, 0, 0, 0 ],
                  [ 0, 0, 0, 0, -1, 0, 0 ], [ 0, 0, 0, 0, -1, 1, 0 ], [ 0, 0, 0, 0, 0, 0, 1 ] ], 
              [ [ 1, 0, 0, 3, 0, 3, -3 ], [ 0, 1, 0, -1, 0, -1, 1 ], [ 0, 0, 1, -1, 0, -1, 1 ], 
                  [ 0, 0, 0, 0, 0, -1, 1 ], [ 0, 0, 0, -1, 1, -1, 1 ], [ 0, 0, 0, -1, 0, 0, 1 ], 
                  [ 0, 0, 0, 0, 0, 0, 1 ] ], 
              [ [ 1, 0, 0, 3, 0, 0, 0 ], [ 0, 1, 0, -1, 0, 0, 0 ], [ 0, 0, 1, -1, 0, 0, 0 ], 
                  [ 0, 0, 0, -1, 0, 0, 0 ], [ 0, 0, 0, 0, 1, 0, 0 ], [ 0, 0, 0, 0, 0, 1, 0 ], 
                  [ 0, 0, 0, -1, 0, 0, 1 ] ], 
              [ [ 1, 1, 1, -1, -1, 0, 0 ], [ 0, 0, -1, 1, 1, 0, 0 ], [ 0, -1, 0, 1, 1, 0, 0 ], 
                  [ 0, 0, 0, 1, 0, 0, 0 ], [ 0, 0, 0, 0, 1, 0, 0 ], [ 0, 0, 0, 0, 0, 1, 0 ], [ 0, 0, 0, 0, 0, 0, 1 ] 
                 ] ] ) ),
      VectSpace := [  ],
      n := 6 ), rec(
      EXT := [ [ 1, 0, 0, 1, 2, 0, 0 ], [ 1, 0, 1, 0, 1, 0, 1 ], [ 1, 0, 1, 0, 1, -1, 2 ], [ 1, 0, 1, 0, 2, -1, 2 ], 
          [ 1, 0, 1, 0, 1, 0, 2 ], [ 1, 0, 1, 1, 2, -1, 0 ], [ 1, 0, 1, 1, 1, 0, 0 ], [ 1, 0, 1, 1, 2, 0, 0 ], 
          [ 1, 0, 1, 1, 2, -1, 1 ], [ 1, 1, 0, 0, 0, 1, 1 ], [ 1, 1, 0, 0, -1, 2, 1 ], [ 1, 1, 0, 0, 0, 2, 1 ], 
          [ 1, 1, 0, 0, 0, 1, 2 ], [ 1, 1, 0, 1, 0, 2, -1 ], [ 1, 1, 0, 1, 0, 1, 0 ], [ 1, 1, 0, 1, 1, 1, 0 ], 
          [ 1, 1, 0, 1, 0, 2, 0 ], [ 1, 1, 1, -1, -1, 1, 3 ], [ 1, 1, 1, 0, -1, 1, 1 ], [ 1, 1, 1, 0, 0, 1, 1 ], 
          [ 1, 1, 1, 0, -1, 2, 1 ], [ 1, 1, 1, 0, 0, 0, 2 ], [ 1, 1, 1, 0, -1, 1, 2 ], [ 1, 1, 1, 0, 0, 1, 2 ], 
          [ 1, 1, 1, 1, 0, 1, 0 ] ],
      ListAdjacentVert := [ [ 1, 0, 0, 0, 1, 1, 1 ], [ 1, 0, 0, 0, 2, -1, 2 ], [ 1, 0, 0, 0, 2, 0, 1 ], 
          [ 1, 0, 0, 1, 1, 1, -1 ], [ 1, 0, 0, 0, 1, 0, 2 ], [ 1, 0, 0, 1, 2, -1, 0 ], [ 1, 0, 0, 0, 1, 0, 1 ], 
          [ 1, 0, 0, 1, 2, 0, -1 ], [ 1, 0, 0, 1, 2, 1, -1 ], [ 1, 0, 0, 0, 2, 0, 2 ], [ 1, 0, 0, 1, 1, 0, 0 ], 
          [ 1, 0, 0, 1, 3, -1, 0 ], [ 1, 0, 0, 2, 2, 0, -2 ], [ 1, 0, 0, 1, 3, 0, 0 ], [ 1, 0, 0, 1, 1, 1, 0 ], 
          [ 1, 0, 0, 2, 3, 0, -2 ], [ 1, 0, 0, 1, 2, 1, 0 ], [ 1, 0, 0, 1, 2, -1, 1 ], [ 1, 0, 0, 2, 2, 1, -2 ], 
          [ 1, 0, 0, 1, 3, -1, 1 ], [ 1, 0, 0, 2, 3, -1, -1 ], [ 1, 0, 0, 1, 2, 0, 1 ], [ 1, 0, 0, 2, 2, 0, -1 ], 
          [ 1, 0, 0, 2, 3, 0, -1 ], [ 1, 0, 0, 1, 1, 2, -1 ], [ 1, 0, 0, 1, 3, -2, 1 ], [ 1, 0, 0, 1, 3, 0, -1 ], 
          [ 1, 0, 0, 1, 1, 0, 1 ], [ 1, 0, 0, 1, 1, 0, -1 ], [ 1, 0, 0, 1, 3, 0, 1 ], [ 1, 0, 0, -1, 1, 0, 3 ], 
          [ 1, 0, 0, 3, 3, 0, -3 ], [ 1, 0, 0, 2, 3, -1, 0 ], [ 1, 0, 0, 2, 2, 1, -1 ], [ 1, 0, 0, 2, 4, -1, -1 ], 
          [ 1, 0, 0, 2, 3, 1, -2 ], [ 1, 0, 0, 2, 2, -1, -1 ], [ 1, 0, 0, 2, 1, 1, -2 ], [ 1, 0, 0, 0, 2, -1, 3 ], 
          [ 1, 0, 0, 2, 3, -1, -2 ], [ 1, 0, 0, 0, 1, 1, 2 ], [ 1, 0, 0, 2, 2, 1, -3 ], [ 1, 0, 0, 0, 3, -1, 2 ], 
          [ 1, 0, 0, 0, 2, 1, 1 ], [ 1, 0, 0, 0, 1, -1, 2 ], [ 1, 0, 0, 0, 0, 1, 1 ], [ 1, 0, 0, 0, 2, -1, 1 ], 
          [ 1, 0, 0, 0, 1, 1, 0 ], [ 1, 0, 1, 0, 0, 1, 1 ], [ 1, 1, 0, 0, 0, 0, 2 ], [ 1, 0, 1, 0, 2, -1, 1 ], 
          [ 1, 0, 1, 0, 1, 1, 1 ], [ 1, 1, 0, 0, -1, 1, 2 ], [ 1, 1, 0, 0, 1, 0, 2 ], [ 1, 1, 0, 0, 0, 2, 0 ], 
          [ 1, 0, 1, 0, 1, -1, 1 ], [ 1, 0, 1, 0, 2, 0, 1 ], [ 1, 0, 1, 1, 1, 1, -1 ], [ 1, 0, 1, 0, 0, 0, 2 ], 
          [ 1, 1, 0, 0, 1, 1, 2 ], [ 1, 1, 0, 0, -1, 2, 2 ], [ 1, 1, 0, 1, 1, 0, 0 ], [ 1, 1, 0, 0, -1, 3, 0 ], 
          [ 1, 1, 0, 0, -1, 2, 0 ], [ 1, 0, 1, 0, 0, 0, 1 ], [ 1, 0, 1, -1, 1, -1, 3 ], [ 1, 1, 0, 0, 1, 1, 1 ], 
          [ 1, 0, 1, 1, 2, 0, -1 ], [ 1, 0, 1, 0, 2, -2, 2 ], [ 1, 0, 1, 0, 2, 0, 2 ], [ 1, 1, 0, 0, 0, 2, 2 ], 
          [ 1, 1, 0, 2, 1, 1, -2 ], [ 1, 0, 1, 0, 1, -1, 3 ], [ 1, 1, 0, 1, -1, 2, 0 ], [ 1, 1, 0, -1, -1, 2, 2 ], 
          [ 1, 1, 0, 0, -1, 1, 1 ], [ 1, 0, 1, -1, 0, 0, 3 ], [ 1, 1, 0, 0, -1, 3, 1 ], [ 1, 1, 0, 1, 1, 1, -1 ], 
          [ 1, 0, 1, 1, 1, 0, -1 ], [ 1, 0, 1, 2, 2, 0, -2 ], [ 1, 0, 1, 0, 2, -1, 3 ], [ 1, 1, 0, 2, 0, 2, -2 ], 
          [ 1, 0, 1, 0, 2, -2, 3 ], [ 1, 0, 1, 1, 1, -1, 1 ], [ 1, 1, 0, 1, 1, 2, 0 ], [ 1, 1, 0, -1, -1, 1, 3 ], 
          [ 1, 0, 1, -1, 1, 0, 3 ], [ 1, 1, 0, 1, -1, 3, -1 ], [ 1, 1, 0, 1, 0, 1, -1 ], [ 1, 0, 1, 2, 2, -1, -1 ], 
          [ 1, 1, 0, 2, 1, 2, -2 ], [ 1, 0, 1, 1, 2, -2, 1 ], [ 1, 0, 1, 1, 3, -1, 1 ], [ 1, 1, 0, -1, 0, 1, 3 ], 
          [ 1, 1, 0, 1, 0, 3, -1 ], [ 1, 1, 0, 1, -1, 2, -1 ], [ 1, 0, 1, 2, 3, -1, -1 ], [ 1, 0, 1, 1, 3, -2, 1 ], 
          [ 1, 0, 1, 1, 2, 0, 1 ], [ 1, 1, 0, -1, -1, 2, 3 ], [ 1, 1, 0, 1, 1, 2, -1 ], [ 1, 0, 1, 1, 1, -1, 0 ], 
          [ 1, 0, 1, 2, 2, 0, -1 ], [ 1, 0, 1, 1, 1, 0, 1 ], [ 1, 1, 0, 1, 1, 1, 1 ], [ 1, 0, 1, -1, 1, -1, 4 ], 
          [ 1, 0, 1, 1, 3, -1, 0 ], [ 1, 1, 0, 2, 1, 1, -1 ], [ 1, 1, 0, 1, 0, 1, 1 ], [ 1, 0, 1, 1, 1, 1, 0 ], 
          [ 1, 1, 0, 1, 1, 0, 1 ], [ 1, 0, 1, 0, 1, 1, 2 ], [ 1, 1, 0, 0, 1, 0, 3 ], [ 1, 0, 1, 0, 3, -1, 2 ], 
          [ 1, 0, 1, 0, 0, 1, 2 ], [ 1, 0, 1, 2, 1, 1, -2 ], [ 1, 1, 0, 0, 0, 1, 3 ], [ 1, 1, 0, 0, 0, 0, 3 ], 
          [ 1, 1, 0, 2, 1, 0, -1 ], [ 1, 1, 0, 0, 1, 2, 1 ], [ 1, 0, 1, 0, 0, -1, 2 ], [ 1, 0, 1, 2, 3, -1, -2 ], 
          [ 1, 0, 1, 0, 3, -2, 2 ], [ 1, 0, 1, 1, 0, 1, 0 ], [ 1, 0, 1, 2, 2, 1, -2 ], [ 1, 0, 1, 0, 1, 0, 3 ], 
          [ 1, 1, 0, 2, 0, 1, -1 ], [ 1, 1, 0, 1, 0, 0, 1 ], [ 1, 1, 0, 2, 2, 0, -1 ], [ 1, 1, 0, 0, 0, 3, 1 ], 
          [ 1, 1, 0, 0, -2, 2, 1 ], [ 1, 1, 0, 2, 1, 2, -3 ], [ 1, 0, 1, 0, 1, -2, 2 ], [ 1, 0, 1, -1, 0, -1, 4 ], 
          [ 1, 0, 1, 2, 2, -1, -2 ], [ 1, 1, 0, 0, 0, 3, 0 ], [ 1, 0, 1, 1, 3, -2, 0 ], [ 1, 0, 1, 1, 2, 1, 0 ], 
          [ 1, 0, 1, 2, 3, 0, -2 ], [ 1, 0, 1, 0, 3, -2, 3 ], [ 1, 0, 1, 2, 1, 0, -1 ], [ 1, 1, 0, 2, 2, 1, -1 ], 
          [ 1, 1, 0, 1, 2, 0, 1 ], [ 1, 1, 0, 2, 0, 2, -1 ], [ 1, 1, 0, 0, -2, 3, 1 ], [ 1, 1, 0, 2, 0, 3, -3 ], 
          [ 1, 1, 0, 0, 0, 0, 1 ], [ 1, 1, 0, -1, -2, 2, 3 ], [ 1, 1, 0, 2, 0, 2, -3 ], [ 1, 1, 0, 0, -2, 3, 0 ], 
          [ 1, 0, 1, -1, 1, -2, 4 ], [ 1, 0, 1, -1, 2, -1, 4 ], [ 1, 0, 1, 2, 1, 0, -2 ], [ 1, 1, 0, 1, 0, 3, -2 ], 
          [ 1, 0, 1, 1, 2, -2, 0 ], [ 1, 0, 1, 1, 3, 0, 0 ], [ 1, 1, 0, 2, 2, 1, -2 ], [ 1, 0, 1, 0, 1, -2, 3 ], 
          [ 1, 0, 1, 2, 3, -2, -1 ], [ 1, 0, 1, 2, 3, 0, -1 ], [ 1, 1, 0, 2, 1, 2, -1 ], [ 1, 1, 0, 1, 0, 2, 1 ], 
          [ 1, 0, 1, 2, 2, -1, 0 ], [ 1, 1, 0, 0, 1, 0, 1 ], [ 1, 0, 1, 0, 0, 1, 0 ], [ 1, 1, 0, -1, 0, 0, 3 ], 
          [ 1, 1, 0, -1, 0, 2, 3 ], [ 1, 1, 0, 0, 0, 1, 0 ], [ 1, 1, 0, -1, -2, 3, 2 ], [ 1, 0, 1, -1, 2, -2, 4 ], 
          [ 1, 0, 1, -1, 1, 0, 4 ], [ 1, 1, 0, 2, 0, 1, -2 ], [ 1, 1, 0, 1, -1, 3, -2 ], [ 1, 0, 1, 1, 0, 0, 0 ], 
          [ 1, 1, 0, 1, 2, 1, 0 ], [ 1, 1, 0, 2, 0, 3, -2 ], [ 1, 0, 1, 2, 3, -1, 0 ], [ 1, 0, 1, 1, 2, -1, 2 ], 
          [ 1, 0, 1, 2, 3, -2, 0 ], [ 1, 0, 1, 0, 1, 1, 0 ], [ 1, 0, 1, 0, 1, 0, 0 ], [ 1, 0, 1, -1, 0, 1, 2 ], 
          [ 1, 1, 0, -1, 0, 1, 2 ], [ 1, 1, 0, -1, -1, 3, 2 ], [ 1, 0, 1, -1, 0, 0, 4 ], [ 1, 1, 0, -1, 0, 1, 4 ], 
          [ 1, 1, 0, 1, 0, 2, -2 ], [ 1, 1, 0, 1, -1, 1, 0 ], [ 1, 1, 0, 1, 0, 3, 0 ], [ 1, 0, 1, 1, 3, -2, 2 ], 
          [ 1, 0, 1, -1, 1, 0, 2 ], [ 1, 1, 0, -1, -1, 1, 2 ], [ 1, 1, 0, -1, 0, 2, 2 ], [ 1, 1, 0, -1, -1, 1, 4 ], 
          [ 1, 0, 1, 1, 2, -1, -1 ], [ 1, 1, 0, 1, 0, 0, 0 ], [ 1, 1, 0, 1, -1, 3, 0 ], [ 1, 0, 1, 1, 2, -2, 2 ], 
          [ 1, 0, 1, -1, 0, 0, 2 ], [ 1, 1, 0, -1, -2, 2, 2 ], [ 1, 0, 1, -1, 2, -1, 3 ], [ 1, 1, 0, -1, 0, 0, 4 ], 
          [ 1, 0, 1, 1, 0, 1, -1 ], [ 1, 1, 0, 1, 2, 0, 0 ], [ 1, 0, 1, -1, 0, -1, 3 ], [ 1, 0, 1, -1, 0, 1, 3 ], 
          [ 1, 0, 1, 1, 2, 1, -1 ], [ 1, 0, 2, 0, 1, -1, 2 ], [ 1, 2, 0, 0, -2, 3, 1 ], [ 1, 1, -1, 0, 0, 2, 1 ], 
          [ 1, -1, 1, 0, 3, -2, 2 ], [ 1, 1, -1, 1, 0, 2, -1 ], [ 1, -1, 1, 1, 3, -2, 0 ], [ 1, 1, -1, 1, 1, 2, -1 ],
          [ 1, -1, 1, 1, 4, -2, 0 ], [ 1, 1, -1, 1, 0, 3, -1 ], [ 1, -1, 1, 1, 3, -1, 0 ], [ 1, -1, 1, 1, 4, -3, 1 ],
          [ 1, 1, -1, 1, 1, 1, 0 ], [ 1, -1, 1, 1, 3, -2, 1 ], [ 1, 1, -1, 1, 0, 2, 0 ], [ 1, -1, 1, 1, 4, -2, 1 ], 
          [ 1, 1, -1, 1, 1, 2, 0 ], [ 1, -1, 1, 2, 4, -2, -1 ], [ 1, 1, -1, 2, 1, 2, -2 ], [ 1, 1, 1, -1, -2, 2, 2 ],
          [ 1, 1, 1, -1, -1, 0, 3 ], [ 1, 1, 1, -1, -1, 1, 2 ], [ 1, 1, 1, -1, -1, 2, 2 ], [ 1, 1, 1, -1, -2, 1, 3 ],
          [ 1, 1, 1, -1, 0, 0, 3 ], [ 1, 1, 1, 0, -1, 2, 0 ], [ 1, 1, 1, -1, 0, 1, 3 ], [ 1, 1, 1, -1, -2, 2, 3 ], 
          [ 1, 1, 1, 0, 0, 0, 1 ], [ 1, 1, 1, -1, -1, 2, 3 ], [ 1, 1, 1, 1, 0, 1, -1 ], [ 1, 1, 1, -1, -1, 0, 4 ], 
          [ 1, 1, 1, 0, -2, 2, 1 ], [ 1, 1, 1, -1, 0, 0, 4 ], [ 1, 1, 1, 1, -1, 2, -1 ], [ 1, 1, 1, 0, -1, 0, 2 ], 
          [ 1, 1, 1, 0, 0, 2, 1 ], [ 1, 1, 1, -1, -1, 1, 4 ], [ 1, 1, 1, 1, 0, 0, 0 ], [ 1, 1, 1, 1, 0, 2, -1 ], 
          [ 1, 1, 1, 0, 1, 0, 2 ], [ 1, 1, 1, 1, -1, 1, 0 ], [ 1, 1, 1, 1, 1, 0, 0 ], [ 1, 1, 1, 0, -1, 2, 2 ], 
          [ 1, 1, 1, 1, 1, 1, 0 ], [ 1, 1, 1, 1, -1, 2, 0 ], [ 1, 1, 1, 0, 0, 0, 3 ], [ 1, 1, 1, 1, 0, 2, 0 ], 
          [ 1, 1, 1, 1, 0, 0, 1 ], [ 1, 1, 1, 1, 1, 0, 1 ], [ 1, 1, 1, 1, 0, 1, 1 ], [ 1, 1, 1, 0, -1, 3, 1 ], 
          [ 1, 1, 1, 0, 1, -1, 3 ], [ 1, 1, 1, 0, 1, 1, 1 ], [ 1, 1, 1, 0, -2, 3, 1 ], [ 1, 1, 1, 1, -1, 3, -1 ], 
          [ 1, 1, 1, 0, -1, 1, 3 ], [ 1, 1, 1, 0, 0, -1, 3 ], [ 1, 1, 1, 1, 1, -1, 1 ], [ 1, 1, 1, 0, -2, 1, 1 ], 
          [ 1, 1, 1, 1, 1, 1, -1 ], [ 1, 1, 1, 0, 1, 0, 1 ], [ 1, 1, 1, 0, 0, 1, 3 ], [ 1, 1, 1, 1, -1, 1, 1 ], 
          [ 1, 1, 1, 0, -1, 0, 3 ], [ 1, 1, 1, 0, -1, 0, 1 ], [ 1, 1, 1, -2, -2, 1, 5 ], [ 1, 1, 1, 1, -1, 1, -1 ], 
          [ 1, 1, 1, 0, 0, 2, 0 ], [ 1, 1, 1, 0, 1, 0, 3 ], [ 1, 1, 1, 2, 0, 1, -1 ], [ 1, 1, 1, 1, 1, 1, 1 ], 
          [ 1, 1, 1, 0, -2, 2, 2 ], [ 1, 1, 1, 0, -2, 2, 0 ], [ 1, 1, 1, -2, -1, 0, 5 ], [ 1, 1, 1, -2, -1, 1, 5 ], 
          [ 1, 1, 1, 0, -1, 3, 0 ], [ 1, 1, 1, 0, 0, 2, 2 ], [ 1, 1, 1, 2, 1, 0, -1 ], [ 1, 1, 1, 2, 1, 1, -1 ], 
          [ 1, 1, 1, 0, 1, -1, 2 ], [ 1, 1, 1, 0, -1, 1, 0 ], [ 1, 1, 1, -2, -2, 2, 4 ], [ 1, 1, 1, 0, -2, 3, 0 ], 
          [ 1, 1, 1, 0, 1, 1, 2 ], [ 1, 1, 1, 2, 0, 2, -2 ], [ 1, 1, 1, 0, 0, -1, 2 ], [ 1, 1, 1, 0, 0, 1, 0 ], 
          [ 1, 1, 1, -2, -1, 1, 4 ], [ 1, 1, 1, -1, -2, 3, 2 ], [ 1, 1, 1, 0, -2, 1, 2 ], [ 1, 1, 1, 2, 1, 1, -2 ], 
          [ 1, 1, 1, -1, 0, -1, 4 ], [ 1, 1, 1, -1, 0, 1, 2 ], [ 1, 1, 1, -2, -2, 1, 4 ], [ 1, 1, 1, -1, -2, 1, 4 ], 
          [ 1, 1, 1, 2, 0, 1, -2 ], [ 1, 1, 1, -1, -2, 1, 2 ], [ 1, 1, 1, -1, 0, 1, 4 ], [ 1, 0, 0, 1, 2, 0, 0 ], 
          [ 1, 0, 1, 0, 1, 0, 1 ], [ 1, 0, 1, 0, 1, -1, 2 ], [ 1, 0, 1, 0, 2, -1, 2 ], [ 1, 0, 1, 0, 1, 0, 2 ], 
          [ 1, 0, 1, 1, 2, -1, 0 ], [ 1, 0, 1, 1, 1, 0, 0 ], [ 1, 0, 1, 1, 2, 0, 0 ], [ 1, 0, 1, 1, 2, -1, 1 ], 
          [ 1, 1, 0, 0, 0, 1, 1 ], [ 1, 1, 0, 0, -1, 2, 1 ], [ 1, 1, 0, 0, 0, 2, 1 ], [ 1, 1, 0, 0, 0, 1, 2 ], 
          [ 1, 1, 0, 1, 0, 2, -1 ], [ 1, 1, 0, 1, 0, 1, 0 ], [ 1, 1, 0, 1, 1, 1, 0 ], [ 1, 1, 0, 1, 0, 2, 0 ], 
          [ 1, 1, 1, -1, -1, 1, 3 ], [ 1, 1, 1, 0, -1, 1, 1 ], [ 1, 1, 1, 0, 0, 1, 1 ], [ 1, 1, 1, 0, -1, 2, 1 ], 
          [ 1, 1, 1, 0, 0, 0, 2 ], [ 1, 1, 1, 0, -1, 1, 2 ], [ 1, 1, 1, 0, 0, 1, 2 ], [ 1, 1, 1, 1, 0, 1, 0 ] ],
      TheQuadForm := [ [ 14, 2, -4, 4, -2, -2 ], [ 2, 6, 0, 2, 2, 0 ], [ -4, 0, 12, -2, 2, 6 ], 
          [ 4, 2, -2, 4, 2, 0 ], [ -2, 2, 2, 2, 4, 2 ], [ -2, 0, 6, 0, 2, 4 ] ],
      TheQuadFunction := [ [ 20, -7, -7, -8, -6, -6, -6 ], [ -7, 14, 2, -4, 4, -2, -2 ], [ -7, 2, 6, 0, 2, 2, 0 ], 
          [ -8, -4, 0, 12, -2, 2, 6 ], [ -6, 4, 2, -2, 4, 2, 0 ], [ -6, -2, 2, 2, 2, 4, 2 ], 
          [ -6, -2, 0, 6, 0, 2, 4 ] ],
      TheStab := rec(
          GRPperm := Group( [ ( 4, 5)( 6, 7)(10,11)(16,17)(20,21)(22,23), ( 3, 4)( 7, 8)(11,12)(15,16)(19,20)(23,24),
              ( 4, 6)( 5, 7)(12,14)(13,15)(18,19)(24,25), ( 2, 3)( 8, 9)(12,13)(14,15)(20,22)(21,23), 
              ( 2,10)( 3,11)( 4,12)( 5,13)( 6,14)( 7,15)( 8,16)( 9,17)(21,22) ] ),
          TheMatrGRP := 
           Group(
            [ [ [ 1, 0, 0, 0, 0, 0, 0 ], [ 0, 1, 0, 0, -3, 3, 0 ], [ 0, 0, 1, 0, 0, 0, 0 ], [ 0, 0, 0, 1, 2, -2, 0 ],
                  [ 0, 0, 0, 0, 0, 1, 0 ], [ 0, 0, 0, 0, 1, 0, 0 ], [ 0, 0, 0, 0, 1, -1, 1 ] ], 
              [ [ 1, 0, 0, 0, 3, 0, 0 ], [ 0, 1, 0, 0, -2, 0, 0 ], [ 0, 0, 1, 0, -1, 0, 0 ], [ 0, 0, 0, 1, 1, 0, 0 ],
                  [ 0, 0, 0, 0, -1, 0, 0 ], [ 0, 0, 0, 0, -1, 1, 0 ], [ 0, 0, 0, 0, 0, 0, 1 ] ], 
              [ [ 1, 0, 0, -2, 0, 0, 4 ], [ 0, 1, 0, 0, 0, 0, 0 ], [ 0, 0, 1, 0, 0, 0, 0 ], [ 0, 0, 0, 1, 0, 0, 0 ], 
                  [ 0, 0, 0, 1, 1, 0, -2 ], [ 0, 0, 0, 1, 0, 1, -2 ], [ 0, 0, 0, 1, 0, 0, -1 ] ], 
              [ [ 1, 0, 0, 0, 0, 0, 0 ], [ 0, 1, 0, 0, 0, 0, 0 ], [ 0, 0, 1, 0, 0, -1, 1 ], [ 0, 0, 0, 1, 0, 2, -2 ],
                  [ 0, 0, 0, 0, 1, -1, 1 ], [ 0, 0, 0, 0, 0, 0, 1 ], [ 0, 0, 0, 0, 0, 1, 0 ] ], 
              [ [ 1, 0, 0, 0, 0, 0, 0 ], [ 0, 0, 1, 0, 0, 1, -1 ], [ 0, 1, 0, 0, -1, 1, 0 ], [ 0, 0, 0, 1, 0, 0, 0 ],
                  [ 0, 0, 0, 0, 1, 0, 0 ], [ 0, 0, 0, 0, 1, -1, 1 ], [ 0, 0, 0, 0, 0, 0, 1 ] ] ]),
          phi := GroupHomomorphismByImages( Group( [ ( 4, 5)( 6, 7)(10,11)(16,17)(20,21)(22,23), 
              ( 3, 4)( 7, 8)(11,12)(15,16)(19,20)(23,24), ( 4, 6)( 5, 7)(12,14)(13,15)(18,19)(24,25), 
              ( 2, 3)( 8, 9)(12,13)(14,15)(20,22)(21,23), ( 2,10)( 3,11)( 4,12)( 5,13)( 6,14)( 7,15)( 8,16)( 9,17)
                (21,22) ] ), Group(
            [ [ [ 1, 0, 0, 0, 0, 0, 0 ], [ 0, 1, 0, 0, -3, 3, 0 ], [ 0, 0, 1, 0, 0, 0, 0 ], [ 0, 0, 0, 1, 2, -2, 0 ],
                  [ 0, 0, 0, 0, 0, 1, 0 ], [ 0, 0, 0, 0, 1, 0, 0 ], [ 0, 0, 0, 0, 1, -1, 1 ] ], 
              [ [ 1, 0, 0, 0, 3, 0, 0 ], [ 0, 1, 0, 0, -2, 0, 0 ], [ 0, 0, 1, 0, -1, 0, 0 ], [ 0, 0, 0, 1, 1, 0, 0 ],
                  [ 0, 0, 0, 0, -1, 0, 0 ], [ 0, 0, 0, 0, -1, 1, 0 ], [ 0, 0, 0, 0, 0, 0, 1 ] ], 
              [ [ 1, 0, 0, -2, 0, 0, 4 ], [ 0, 1, 0, 0, 0, 0, 0 ], [ 0, 0, 1, 0, 0, 0, 0 ], [ 0, 0, 0, 1, 0, 0, 0 ], 
                  [ 0, 0, 0, 1, 1, 0, -2 ], [ 0, 0, 0, 1, 0, 1, -2 ], [ 0, 0, 0, 1, 0, 0, -1 ] ], 
              [ [ 1, 0, 0, 0, 0, 0, 0 ], [ 0, 1, 0, 0, 0, 0, 0 ], [ 0, 0, 1, 0, 0, -1, 1 ], [ 0, 0, 0, 1, 0, 2, -2 ],
                  [ 0, 0, 0, 0, 1, -1, 1 ], [ 0, 0, 0, 0, 0, 0, 1 ], [ 0, 0, 0, 0, 0, 1, 0 ] ], 
              [ [ 1, 0, 0, 0, 0, 0, 0 ], [ 0, 0, 1, 0, 0, 1, -1 ], [ 0, 1, 0, 0, -1, 1, 0 ], [ 0, 0, 0, 1, 0, 0, 0 ],
                  [ 0, 0, 0, 0, 1, 0, 0 ], [ 0, 0, 0, 0, 1, -1, 1 ], [ 0, 0, 0, 0, 0, 0, 1 ] ] ]), 
            [ ( 4, 5)( 6, 7)(10,11)(16,17)(20,21)(22,23), ( 3, 4)( 7, 8)(11,12)(15,16)(19,20)(23,24), 
              ( 4, 6)( 5, 7)(12,14)(13,15)(18,19)(24,25), ( 2, 3)( 8, 9)(12,13)(14,15)(20,22)(21,23), 
              ( 2,10)( 3,11)( 4,12)( 5,13)( 6,14)( 7,15)( 8,16)( 9,17)(21,22) ], 
            [ [ [ 1, 0, 0, 0, 0, 0, 0 ], [ 0, 1, 0, 0, -3, 3, 0 ], [ 0, 0, 1, 0, 0, 0, 0 ], [ 0, 0, 0, 1, 2, -2, 0 ],
                  [ 0, 0, 0, 0, 0, 1, 0 ], [ 0, 0, 0, 0, 1, 0, 0 ], [ 0, 0, 0, 0, 1, -1, 1 ] ], 
              [ [ 1, 0, 0, 0, 3, 0, 0 ], [ 0, 1, 0, 0, -2, 0, 0 ], [ 0, 0, 1, 0, -1, 0, 0 ], [ 0, 0, 0, 1, 1, 0, 0 ],
                  [ 0, 0, 0, 0, -1, 0, 0 ], [ 0, 0, 0, 0, -1, 1, 0 ], [ 0, 0, 0, 0, 0, 0, 1 ] ], 
              [ [ 1, 0, 0, -2, 0, 0, 4 ], [ 0, 1, 0, 0, 0, 0, 0 ], [ 0, 0, 1, 0, 0, 0, 0 ], [ 0, 0, 0, 1, 0, 0, 0 ], 
                  [ 0, 0, 0, 1, 1, 0, -2 ], [ 0, 0, 0, 1, 0, 1, -2 ], [ 0, 0, 0, 1, 0, 0, -1 ] ], 
              [ [ 1, 0, 0, 0, 0, 0, 0 ], [ 0, 1, 0, 0, 0, 0, 0 ], [ 0, 0, 1, 0, 0, -1, 1 ], [ 0, 0, 0, 1, 0, 2, -2 ],
                  [ 0, 0, 0, 0, 1, -1, 1 ], [ 0, 0, 0, 0, 0, 0, 1 ], [ 0, 0, 0, 0, 0, 1, 0 ] ], 
              [ [ 1, 0, 0, 0, 0, 0, 0 ], [ 0, 0, 1, 0, 0, 1, -1 ], [ 0, 1, 0, 0, -1, 1, 0 ], [ 0, 0, 0, 1, 0, 0, 0 ],
                  [ 0, 0, 0, 0, 1, 0, 0 ], [ 0, 0, 0, 0, 1, -1, 1 ], [ 0, 0, 0, 0, 0, 0, 1 ] ] ] ) ),
      VectSpace := [  ],
      n := 6 ) ];
