return [ rec(
      EXT := [ [ 1, 0, 0, 0, 0, 0, 0 ], [ 1, 0, 0, 0, 0, 1, 0 ], [ 1, 0, 0, 0, 1, 0, 0 ], [ 1, 0, 0, 0, 1, 1, 0 ], 
          [ 1, 0, 0, 1, 0, 0, 0 ], [ 1, 0, 0, 1, 0, 1, 0 ], [ 1, 0, 0, 1, 1, 0, 0 ], [ 1, 0, 0, 1, 1, 1, 0 ], 
          [ 1, 0, 1, 0, 0, 0, 0 ], [ 1, 0, 1, 0, 0, 1, 0 ], [ 1, 0, 1, 0, 1, 0, 0 ], [ 1, 0, 1, 0, 1, 1, 0 ], 
          [ 1, 0, 1, 1, 0, 0, 0 ], [ 1, 0, 1, 1, 0, 1, 0 ], [ 1, 0, 1, 1, 1, 0, 0 ], [ 1, 0, 1, 1, 1, 1, 0 ], 
          [ 1, 1, 0, 0, 0, 0, 0 ], [ 1, 1, 0, 0, 0, 1, 0 ], [ 1, 1, 0, 0, 1, 0, 0 ], [ 1, 1, 0, 0, 1, 1, 0 ], 
          [ 1, 1, 0, 1, 0, 0, 0 ], [ 1, 1, 0, 1, 0, 1, 0 ], [ 1, 1, 0, 1, 1, 0, 0 ], [ 1, 1, 0, 1, 1, 1, 0 ], 
          [ 1, 1, 1, 0, 0, 0, 0 ], [ 1, 1, 1, 0, 0, 1, 0 ], [ 1, 1, 1, 0, 1, 0, 0 ], [ 1, 1, 1, 0, 1, 1, 0 ], 
          [ 1, 1, 1, 1, 0, 0, 0 ], [ 1, 1, 1, 1, 0, 1, 0 ], [ 1, 1, 1, 1, 1, 0, 0 ], [ 1, 1, 1, 1, 1, 1, 0 ] ],
      ListAdjacentVert := [ [ 1, -1, 0, 0, 0, 0, 0 ], [ 1, -1, 0, 0, 0, 1, 0 ], [ 1, -1, 0, 0, 1, 0, 0 ], 
          [ 1, -1, 0, 1, 0, 0, 0 ], [ 1, -1, 1, 0, 0, 0, 0 ], [ 1, 2, 0, 0, 0, 0, 0 ], [ 1, -1, 0, 0, 1, 1, 0 ], 
          [ 1, -1, 0, 1, 0, 1, 0 ], [ 1, -1, 1, 0, 0, 1, 0 ], [ 1, 2, 0, 0, 0, 1, 0 ], [ 1, -1, 0, 1, 1, 0, 0 ], 
          [ 1, -1, 1, 0, 1, 0, 0 ], [ 1, 2, 0, 0, 1, 0, 0 ], [ 1, -1, 1, 1, 0, 0, 0 ], [ 1, 2, 0, 1, 0, 0, 0 ], 
          [ 1, 2, 1, 0, 0, 0, 0 ], [ 1, -1, 0, 1, 1, 1, 0 ], [ 1, -1, 1, 0, 1, 1, 0 ], [ 1, 2, 0, 0, 1, 1, 0 ], 
          [ 1, -1, 1, 1, 0, 1, 0 ], [ 1, 2, 0, 1, 0, 1, 0 ], [ 1, 2, 1, 0, 0, 1, 0 ], [ 1, -1, 1, 1, 1, 0, 0 ], 
          [ 1, 2, 0, 1, 1, 0, 0 ], [ 1, 2, 1, 0, 1, 0, 0 ], [ 1, 2, 1, 1, 0, 0, 0 ], [ 1, -1, 1, 1, 1, 1, 0 ], 
          [ 1, 2, 0, 1, 1, 1, 0 ], [ 1, 2, 1, 0, 1, 1, 0 ], [ 1, 2, 1, 1, 0, 1, 0 ], [ 1, 2, 1, 1, 1, 0, 0 ], 
          [ 1, 2, 1, 1, 1, 1, 0 ], [ 1, 0, -1, 0, 0, 0, 0 ], [ 1, 0, -1, 0, 0, 1, 0 ], [ 1, 0, -1, 0, 1, 0, 0 ], 
          [ 1, 0, -1, 1, 0, 0, 0 ], [ 1, 0, 2, 0, 0, 0, 0 ], [ 1, 1, -1, 0, 0, 0, 0 ], [ 1, 0, -1, 0, 1, 1, 0 ], 
          [ 1, 0, -1, 1, 0, 1, 0 ], [ 1, 0, 2, 0, 0, 1, 0 ], [ 1, 1, -1, 0, 0, 1, 0 ], [ 1, 0, -1, 1, 1, 0, 0 ], 
          [ 1, 0, 2, 0, 1, 0, 0 ], [ 1, 1, -1, 0, 1, 0, 0 ], [ 1, 0, 2, 1, 0, 0, 0 ], [ 1, 1, -1, 1, 0, 0, 0 ], 
          [ 1, 1, 2, 0, 0, 0, 0 ], [ 1, 0, -1, 1, 1, 1, 0 ], [ 1, 0, 2, 0, 1, 1, 0 ], [ 1, 1, -1, 0, 1, 1, 0 ], 
          [ 1, 0, 2, 1, 0, 1, 0 ], [ 1, 1, -1, 1, 0, 1, 0 ], [ 1, 1, 2, 0, 0, 1, 0 ], [ 1, 0, 2, 1, 1, 0, 0 ], 
          [ 1, 1, -1, 1, 1, 0, 0 ], [ 1, 1, 2, 0, 1, 0, 0 ], [ 1, 1, 2, 1, 0, 0, 0 ], [ 1, 0, 2, 1, 1, 1, 0 ], 
          [ 1, 1, -1, 1, 1, 1, 0 ], [ 1, 1, 2, 0, 1, 1, 0 ], [ 1, 1, 2, 1, 0, 1, 0 ], [ 1, 1, 2, 1, 1, 0, 0 ], 
          [ 1, 1, 2, 1, 1, 1, 0 ], [ 1, 0, 0, -1, 0, 0, 0 ], [ 1, 0, 0, -1, 0, 1, 0 ], [ 1, 0, 0, -1, 1, 0, 0 ], 
          [ 1, 0, 0, 2, 0, 0, 0 ], [ 1, 0, 1, -1, 0, 0, 0 ], [ 1, 1, 0, -1, 0, 0, 0 ], [ 1, 0, 0, -1, 1, 1, 0 ], 
          [ 1, 0, 0, 2, 0, 1, 0 ], [ 1, 0, 1, -1, 0, 1, 0 ], [ 1, 1, 0, -1, 0, 1, 0 ], [ 1, 0, 0, 2, 1, 0, 0 ], 
          [ 1, 0, 1, -1, 1, 0, 0 ], [ 1, 1, 0, -1, 1, 0, 0 ], [ 1, 0, 1, 2, 0, 0, 0 ], [ 1, 1, 0, 2, 0, 0, 0 ], 
          [ 1, 1, 1, -1, 0, 0, 0 ], [ 1, 0, 0, 2, 1, 1, 0 ], [ 1, 0, 1, -1, 1, 1, 0 ], [ 1, 1, 0, -1, 1, 1, 0 ], 
          [ 1, 0, 1, 2, 0, 1, 0 ], [ 1, 1, 0, 2, 0, 1, 0 ], [ 1, 1, 1, -1, 0, 1, 0 ], [ 1, 0, 1, 2, 1, 0, 0 ], 
          [ 1, 1, 0, 2, 1, 0, 0 ], [ 1, 1, 1, -1, 1, 0, 0 ], [ 1, 1, 1, 2, 0, 0, 0 ], [ 1, 0, 1, 2, 1, 1, 0 ], 
          [ 1, 1, 0, 2, 1, 1, 0 ], [ 1, 1, 1, -1, 1, 1, 0 ], [ 1, 1, 1, 2, 0, 1, 0 ], [ 1, 1, 1, 2, 1, 0, 0 ], 
          [ 1, 1, 1, 2, 1, 1, 0 ], [ 1, 0, 0, 0, -1, 0, 0 ], [ 1, 0, 0, 0, -1, 1, 0 ], [ 1, 0, 0, 0, 2, 0, 0 ], 
          [ 1, 0, 0, 1, -1, 0, 0 ], [ 1, 0, 1, 0, -1, 0, 0 ], [ 1, 1, 0, 0, -1, 0, 0 ], [ 1, 0, 0, 0, 2, 1, 0 ], 
          [ 1, 0, 0, 1, -1, 1, 0 ], [ 1, 0, 1, 0, -1, 1, 0 ], [ 1, 1, 0, 0, -1, 1, 0 ], [ 1, 0, 0, 1, 2, 0, 0 ], 
          [ 1, 0, 1, 0, 2, 0, 0 ], [ 1, 1, 0, 0, 2, 0, 0 ], [ 1, 0, 1, 1, -1, 0, 0 ], [ 1, 1, 0, 1, -1, 0, 0 ], 
          [ 1, 1, 1, 0, -1, 0, 0 ], [ 1, 0, 0, 1, 2, 1, 0 ], [ 1, 0, 1, 0, 2, 1, 0 ], [ 1, 1, 0, 0, 2, 1, 0 ], 
          [ 1, 0, 1, 1, -1, 1, 0 ], [ 1, 1, 0, 1, -1, 1, 0 ], [ 1, 1, 1, 0, -1, 1, 0 ], [ 1, 0, 1, 1, 2, 0, 0 ], 
          [ 1, 1, 0, 1, 2, 0, 0 ], [ 1, 1, 1, 0, 2, 0, 0 ], [ 1, 1, 1, 1, -1, 0, 0 ], [ 1, 0, 1, 1, 2, 1, 0 ], 
          [ 1, 1, 0, 1, 2, 1, 0 ], [ 1, 1, 1, 0, 2, 1, 0 ], [ 1, 1, 1, 1, -1, 1, 0 ], [ 1, 1, 1, 1, 2, 0, 0 ], 
          [ 1, 1, 1, 1, 2, 1, 0 ], [ 1, 0, 0, 0, 0, -1, 0 ], [ 1, 0, 0, 0, 0, 2, 0 ], [ 1, 0, 0, 0, 1, -1, 0 ], 
          [ 1, 0, 0, 1, 0, -1, 0 ], [ 1, 0, 1, 0, 0, -1, 0 ], [ 1, 1, 0, 0, 0, -1, 0 ], [ 1, 0, 0, 0, 1, 2, 0 ], 
          [ 1, 0, 0, 1, 0, 2, 0 ], [ 1, 0, 1, 0, 0, 2, 0 ], [ 1, 1, 0, 0, 0, 2, 0 ], [ 1, 0, 0, 1, 1, -1, 0 ], 
          [ 1, 0, 1, 0, 1, -1, 0 ], [ 1, 1, 0, 0, 1, -1, 0 ], [ 1, 0, 1, 1, 0, -1, 0 ], [ 1, 1, 0, 1, 0, -1, 0 ], 
          [ 1, 1, 1, 0, 0, -1, 0 ], [ 1, 0, 0, 1, 1, 2, 0 ], [ 1, 0, 1, 0, 1, 2, 0 ], [ 1, 1, 0, 0, 1, 2, 0 ], 
          [ 1, 0, 1, 1, 0, 2, 0 ], [ 1, 1, 0, 1, 0, 2, 0 ], [ 1, 1, 1, 0, 0, 2, 0 ], [ 1, 0, 1, 1, 1, -1, 0 ], 
          [ 1, 1, 0, 1, 1, -1, 0 ], [ 1, 1, 1, 0, 1, -1, 0 ], [ 1, 1, 1, 1, 0, -1, 0 ], [ 1, 0, 1, 1, 1, 2, 0 ], 
          [ 1, 1, 0, 1, 1, 2, 0 ], [ 1, 1, 1, 0, 1, 2, 0 ], [ 1, 1, 1, 1, 0, 2, 0 ], [ 1, 1, 1, 1, 1, -1, 0 ], 
          [ 1, 1, 1, 1, 1, 2, 0 ], [ 1, 0, 0, 0, 0, 0, 0 ], [ 1, 0, 0, 0, 0, 1, 0 ], [ 1, 0, 0, 0, 1, 0, 0 ], 
          [ 1, 0, 0, 0, 1, 1, 0 ], [ 1, 0, 0, 1, 0, 0, 0 ], [ 1, 0, 0, 1, 0, 1, 0 ], [ 1, 0, 0, 1, 1, 0, 0 ], 
          [ 1, 0, 0, 1, 1, 1, 0 ], [ 1, 0, 1, 0, 0, 0, 0 ], [ 1, 0, 1, 0, 0, 1, 0 ], [ 1, 0, 1, 0, 1, 0, 0 ], 
          [ 1, 0, 1, 0, 1, 1, 0 ], [ 1, 0, 1, 1, 0, 0, 0 ], [ 1, 0, 1, 1, 0, 1, 0 ], [ 1, 0, 1, 1, 1, 0, 0 ], 
          [ 1, 0, 1, 1, 1, 1, 0 ], [ 1, 1, 0, 0, 0, 0, 0 ], [ 1, 1, 0, 0, 0, 1, 0 ], [ 1, 1, 0, 0, 1, 0, 0 ], 
          [ 1, 1, 0, 0, 1, 1, 0 ], [ 1, 1, 0, 1, 0, 0, 0 ], [ 1, 1, 0, 1, 0, 1, 0 ], [ 1, 1, 0, 1, 1, 0, 0 ], 
          [ 1, 1, 0, 1, 1, 1, 0 ], [ 1, 1, 1, 0, 0, 0, 0 ], [ 1, 1, 1, 0, 0, 1, 0 ], [ 1, 1, 1, 0, 1, 0, 0 ], 
          [ 1, 1, 1, 0, 1, 1, 0 ], [ 1, 1, 1, 1, 0, 0, 0 ], [ 1, 1, 1, 1, 0, 1, 0 ], [ 1, 1, 1, 1, 1, 0, 0 ], 
          [ 1, 1, 1, 1, 1, 1, 0 ] ],
      TheQuadForm := [ [ 32, 0, 0, 0, 0, 0 ], [ 0, 16, 0, 0, 0, 0 ], [ 0, 0, 8, 0, 0, 0 ], [ 0, 0, 0, 4, 0, 0 ], 
          [ 0, 0, 0, 0, 2, 0 ], [ 0, 0, 0, 0, 0, 0 ] ],
      TheQuadFunction := [ [ 0, -16, -8, -4, -2, -1, 0 ], [ -16, 32, 0, 0, 0, 0, 0 ], [ -8, 0, 16, 0, 0, 0, 0 ], 
          [ -4, 0, 0, 8, 0, 0, 0 ], [ -2, 0, 0, 0, 4, 0, 0 ], [ -1, 0, 0, 0, 0, 2, 0 ], [ 0, 0, 0, 0, 0, 0, 0 ] ],
      TheStab := rec(
          GRPperm := Group( [ ( 3, 5)( 4, 6)(11,13)(12,14)(19,21)(20,22)(27,29)(28,30), 
              ( 9,17)(10,18)(11,19)(12,20)(13,21)(14,22)(15,23)(16,24), ( 5, 9)( 6,10)( 7,11)( 8,12)(21,25)(22,26)
                (23,27)(24,28), ( 1, 2)( 3, 4)( 5, 6)( 7, 8)( 9,10)(11,12)(13,14)(15,16)(17,18)(19,20)(21,22)(23,24)
                (25,26)(27,28)(29,30)(31,32), ( 1, 3)( 2, 4)( 5, 7)( 6, 8)( 9,11)(10,12)(13,15)(14,16)(17,19)(18,20)
                (21,23)(22,24)(25,27)(26,28)(29,31)(30,32) ] ),
          TheMatrGRP := 
           Group(
            [ [ [ 1, 0, 0, 0, 0, 0, 0 ], [ 0, 1, 0, 0, 0, 0, 0 ], [ 0, 0, 1, 0, 0, 0, 0 ], [ 0, 0, 0, 0, 1, 0, 0 ], 
                  [ 0, 0, 0, 1, 0, 0, 0 ], [ 0, 0, 0, 0, 0, 1, 0 ], [ 0, 0, 0, 0, 0, 0, 1 ] ], 
              [ [ 1, 0, 0, 0, 0, 0, 0 ], [ 0, 0, 1, 0, 0, 0, 1 ], [ 0, 1, 0, 0, 0, 0, -1 ], [ 0, 0, 0, 1, 0, 0, 0 ], 
                  [ 0, 0, 0, 0, 1, 0, 0 ], [ 0, 0, 0, 0, 0, 1, 0 ], [ 0, 0, 0, 0, 0, 0, 1 ] ], 
              [ [ 1, 0, 0, 0, 0, 0, 0 ], [ 0, 1, 0, 0, 0, 0, 0 ], [ 0, 0, 0, 1, 0, 0, 0 ], [ 0, 0, 1, 0, 0, 0, 0 ], 
                  [ 0, 0, 0, 0, 1, 0, 0 ], [ 0, 0, 0, 0, 0, 1, 0 ], [ 0, 0, 0, 0, 0, 0, 1 ] ], 
              [ [ 1, 0, 0, 0, 0, 1, 0 ], [ 0, 1, 0, 0, 0, 0, 0 ], [ 0, 0, 1, 0, 0, 0, 0 ], [ 0, 0, 0, 1, 0, 0, 0 ], 
                  [ 0, 0, 0, 0, 1, 0, 0 ], [ 0, 0, 0, 0, 0, -1, 0 ], [ 0, 0, 0, 0, 0, 0, 1 ] ], 
              [ [ 1, 0, 0, 0, 1, 0, 0 ], [ 0, 1, 0, 0, 0, 0, 0 ], [ 0, 0, 1, 0, 0, 0, 0 ], [ 0, 0, 0, 1, 0, 0, 0 ], 
                  [ 0, 0, 0, 0, -1, 0, 0 ], [ 0, 0, 0, 0, 0, 1, 0 ], [ 0, 0, 0, 0, 0, 0, 1 ] ] ]),
          phi := GroupHomomorphismByImages( Group( [ ( 3, 5)( 4, 6)(11,13)(12,14)(19,21)(20,22)(27,29)(28,30), 
              ( 9,17)(10,18)(11,19)(12,20)(13,21)(14,22)(15,23)(16,24), ( 5, 9)( 6,10)( 7,11)( 8,12)(21,25)(22,26)
                (23,27)(24,28), ( 1, 2)( 3, 4)( 5, 6)( 7, 8)( 9,10)(11,12)(13,14)(15,16)(17,18)(19,20)(21,22)(23,24)
                (25,26)(27,28)(29,30)(31,32), ( 1, 3)( 2, 4)( 5, 7)( 6, 8)( 9,11)(10,12)(13,15)(14,16)(17,19)(18,20)
                (21,23)(22,24)(25,27)(26,28)(29,31)(30,32) ] ), Group(
            [ [ [ 1, 0, 0, 0, 0, 0, 0 ], [ 0, 1, 0, 0, 0, 0, 0 ], [ 0, 0, 1, 0, 0, 0, 0 ], [ 0, 0, 0, 0, 1, 0, 0 ], 
                  [ 0, 0, 0, 1, 0, 0, 0 ], [ 0, 0, 0, 0, 0, 1, 0 ], [ 0, 0, 0, 0, 0, 0, 1 ] ], 
              [ [ 1, 0, 0, 0, 0, 0, 0 ], [ 0, 0, 1, 0, 0, 0, 1 ], [ 0, 1, 0, 0, 0, 0, -1 ], [ 0, 0, 0, 1, 0, 0, 0 ], 
                  [ 0, 0, 0, 0, 1, 0, 0 ], [ 0, 0, 0, 0, 0, 1, 0 ], [ 0, 0, 0, 0, 0, 0, 1 ] ], 
              [ [ 1, 0, 0, 0, 0, 0, 0 ], [ 0, 1, 0, 0, 0, 0, 0 ], [ 0, 0, 0, 1, 0, 0, 0 ], [ 0, 0, 1, 0, 0, 0, 0 ], 
                  [ 0, 0, 0, 0, 1, 0, 0 ], [ 0, 0, 0, 0, 0, 1, 0 ], [ 0, 0, 0, 0, 0, 0, 1 ] ], 
              [ [ 1, 0, 0, 0, 0, 1, 0 ], [ 0, 1, 0, 0, 0, 0, 0 ], [ 0, 0, 1, 0, 0, 0, 0 ], [ 0, 0, 0, 1, 0, 0, 0 ], 
                  [ 0, 0, 0, 0, 1, 0, 0 ], [ 0, 0, 0, 0, 0, -1, 0 ], [ 0, 0, 0, 0, 0, 0, 1 ] ], 
              [ [ 1, 0, 0, 0, 1, 0, 0 ], [ 0, 1, 0, 0, 0, 0, 0 ], [ 0, 0, 1, 0, 0, 0, 0 ], [ 0, 0, 0, 1, 0, 0, 0 ], 
                  [ 0, 0, 0, 0, -1, 0, 0 ], [ 0, 0, 0, 0, 0, 1, 0 ], [ 0, 0, 0, 0, 0, 0, 1 ] ] ]), 
            [ ( 3, 5)( 4, 6)(11,13)(12,14)(19,21)(20,22)(27,29)(28,30), ( 9,17)(10,18)(11,19)(12,20)(13,21)(14,22)
                (15,23)(16,24), ( 5, 9)( 6,10)( 7,11)( 8,12)(21,25)(22,26)(23,27)(24,28), 
              ( 1, 2)( 3, 4)( 5, 6)( 7, 8)( 9,10)(11,12)(13,14)(15,16)(17,18)(19,20)(21,22)(23,24)(25,26)(27,28)
                (29,30)(31,32), ( 1, 3)( 2, 4)( 5, 7)( 6, 8)( 9,11)(10,12)(13,15)(14,16)(17,19)(18,20)(21,23)(22,24)
                (25,27)(26,28)(29,31)(30,32) ], 
            [ [ [ 1, 0, 0, 0, 0, 0, 0 ], [ 0, 1, 0, 0, 0, 0, 0 ], [ 0, 0, 1, 0, 0, 0, 0 ], [ 0, 0, 0, 0, 1, 0, 0 ], 
                  [ 0, 0, 0, 1, 0, 0, 0 ], [ 0, 0, 0, 0, 0, 1, 0 ], [ 0, 0, 0, 0, 0, 0, 1 ] ], 
              [ [ 1, 0, 0, 0, 0, 0, 0 ], [ 0, 0, 1, 0, 0, 0, 1 ], [ 0, 1, 0, 0, 0, 0, -1 ], [ 0, 0, 0, 1, 0, 0, 0 ], 
                  [ 0, 0, 0, 0, 1, 0, 0 ], [ 0, 0, 0, 0, 0, 1, 0 ], [ 0, 0, 0, 0, 0, 0, 1 ] ], 
              [ [ 1, 0, 0, 0, 0, 0, 0 ], [ 0, 1, 0, 0, 0, 0, 0 ], [ 0, 0, 0, 1, 0, 0, 0 ], [ 0, 0, 1, 0, 0, 0, 0 ], 
                  [ 0, 0, 0, 0, 1, 0, 0 ], [ 0, 0, 0, 0, 0, 1, 0 ], [ 0, 0, 0, 0, 0, 0, 1 ] ], 
              [ [ 1, 0, 0, 0, 0, 1, 0 ], [ 0, 1, 0, 0, 0, 0, 0 ], [ 0, 0, 1, 0, 0, 0, 0 ], [ 0, 0, 0, 1, 0, 0, 0 ], 
                  [ 0, 0, 0, 0, 1, 0, 0 ], [ 0, 0, 0, 0, 0, -1, 0 ], [ 0, 0, 0, 0, 0, 0, 1 ] ], 
              [ [ 1, 0, 0, 0, 1, 0, 0 ], [ 0, 1, 0, 0, 0, 0, 0 ], [ 0, 0, 1, 0, 0, 0, 0 ], [ 0, 0, 0, 1, 0, 0, 0 ], 
                  [ 0, 0, 0, 0, -1, 0, 0 ], [ 0, 0, 0, 0, 0, 1, 0 ], [ 0, 0, 0, 0, 0, 0, 1 ] ] ] ) ),
      VectSpace := [ [ 0, 0, 0, 0, 0, 1 ] ],
      n := 6 ), rec(
      EXT := [ [ 1, 1, 1, 0, 0, -1, -1 ], [ 1, 1, 1, 1, 0, -1, -1 ], [ 1, 1, 1, 1, 1, -1, -1 ], 
          [ 1, 1, 0, 0, 0, -1, 0 ], [ 1, 1, 0, 0, 1, -1, 0 ], [ 1, 1, 0, 1, 1, -1, 0 ], [ 1, 0, 1, 0, 0, 0, -1 ], 
          [ 1, 0, 1, 1, 0, 0, -1 ], [ 1, 0, 1, 1, 1, 0, -1 ], [ 1, 0, 0, 0, 0, 0, 0 ], [ 1, 0, 0, 0, 1, 0, 0 ], 
          [ 1, 0, 0, 1, 1, 0, 0 ] ],
      ListAdjacentVert := [ [ 1, 0, 2, 1, 0, 0, -2 ], [ 1, 0, 1, 0, -1, 0, -1 ], [ 1, 1, 2, 1, 0, -1, -2 ], 
          [ 1, 0, 1, 0, 1, 0, -1 ], [ 1, 1, 1, 0, -1, -1, -1 ], [ 1, 0, 0, -1, 0, 0, 0 ], [ 1, 0, 1, 2, 1, 0, -1 ], 
          [ 1, 1, 1, 0, 1, -1, -1 ], [ 1, 0, 0, 1, 0, 0, 0 ], [ 1, 1, 0, -1, 0, -1, 0 ], [ 1, 1, 1, 2, 1, -1, -1 ], 
          [ 1, 0, 0, 1, 2, 0, 0 ], [ 1, 1, 0, 1, 0, -1, 0 ], [ 1, 0, -1, 0, 1, 0, 1 ], [ 1, 1, 0, 1, 2, -1, 0 ], 
          [ 1, 1, -1, 0, 1, -1, 1 ], [ 1, 2, 0, 0, 0, -2, 0 ], [ 1, 2, 1, 1, 1, -2, -1 ], [ 1, 2, 0, 0, 1, -2, 0 ], 
          [ 1, -1, 0, 0, 0, 1, 0 ], [ 1, 2, 1, 1, 0, -2, -1 ], [ 1, -1, 1, 1, 1, 1, -1 ], [ 1, 2, 0, 1, 1, -2, 0 ], 
          [ 1, -1, 0, 0, 1, 1, 0 ], [ 1, 2, 1, 0, 0, -2, -1 ], [ 1, -1, 1, 1, 0, 1, -1 ], [ 1, -1, 0, 1, 1, 1, 0 ], 
          [ 1, -1, 1, 0, 0, 1, -1 ], [ 1, 1, 1, 0, 0, -1, -1 ], [ 1, 1, 1, 1, 0, -1, -1 ], [ 1, 1, 1, 1, 1, -1, -1 ],
          [ 1, 1, 0, 0, 0, -1, 0 ], [ 1, 1, 0, 0, 1, -1, 0 ], [ 1, 1, 0, 1, 1, -1, 0 ], [ 1, 0, 1, 0, 0, 0, -1 ], 
          [ 1, 0, 1, 1, 0, 0, -1 ], [ 1, 0, 1, 1, 1, 0, -1 ], [ 1, 0, 0, 0, 0, 0, 0 ], [ 1, 0, 0, 0, 1, 0, 0 ], 
          [ 1, 0, 0, 1, 1, 0, 0 ] ],
      TheQuadForm := [ [ 2, 0, 0, 0, 0, 0 ], [ 0, 4, -2, 2, 0, 0 ], [ 0, -2, 4, -2, 0, 0 ], [ 0, 2, -2, 4, 0, 0 ], 
          [ 0, 0, 0, 0, 0, 0 ], [ 0, 0, 0, 0, 0, 0 ] ],
      TheQuadFunction := [ [ 0, -1, -2, 0, -2, 0, 0 ], [ -1, 2, 0, 0, 0, 0, 0 ], [ -2, 0, 4, -2, 2, 0, 0 ], 
          [ 0, 0, -2, 4, -2, 0, 0 ], [ -2, 0, 2, -2, 4, 0, 0 ], [ 0, 0, 0, 0, 0, 0, 0 ], [ 0, 0, 0, 0, 0, 0, 0 ] ],
      TheStab := rec(
          GRPperm := Group( [ ( 2, 4)( 3, 5)( 8,10)( 9,11), ( 1, 2)( 3, 4)( 5, 6)( 7, 8)( 9,10)(11,12), 
              ( 1, 7)( 2, 8)( 3, 9)( 4,10)( 5,11)( 6,12) ] ),
          TheMatrGRP := 
           Group(
            [ [ [ 1, 0, 1, 1, 0, 0, -1 ], [ 0, 1, 0, 0, 0, 0, 0 ], [ 0, 0, 0, -1, 0, 0, 1 ], 
                  [ 0, 0, -1, 0, 0, 0, 1 ], [ 0, 0, 0, 0, 1, 0, 0 ], [ 0, 0, 0, 0, 0, 1, 0 ], 
                  [ 0, 0, 0, 0, 0, 0, 1 ] ], 
              [ [ 1, 0, 1, 1, 1, 0, -1 ], [ 0, 1, 0, 0, 0, 0, 0 ], [ 0, 0, 0, 0, -1, 0, 1 ], 
                  [ 0, 0, 0, -1, 0, 0, 0 ], [ 0, 0, -1, 0, 0, 0, 1 ], [ 0, 0, 0, 0, 0, 1, 0 ], 
                  [ 0, 0, 0, 0, 0, 0, 1 ] ], 
              [ [ 1, 1, 0, 0, 0, -1, 0 ], [ 0, -1, 0, 0, 0, 2, 0 ], [ 0, 0, 1, 0, 0, 0, 0 ], [ 0, 0, 0, 1, 0, 0, 0 ],
                  [ 0, 0, 0, 0, 1, 0, 0 ], [ 0, 0, 0, 0, 0, 1, 0 ], [ 0, 0, 0, 0, 0, 0, 1 ] ] ]),
          phi := GroupHomomorphismByImages( Group( [ ( 2, 4)( 3, 5)( 8,10)( 9,11), 
              ( 1, 2)( 3, 4)( 5, 6)( 7, 8)( 9,10)(11,12), ( 1, 7)( 2, 8)( 3, 9)( 4,10)( 5,11)( 6,12) ] ), Group(
            [ [ [ 1, 0, 1, 1, 0, 0, -1 ], [ 0, 1, 0, 0, 0, 0, 0 ], [ 0, 0, 0, -1, 0, 0, 1 ], 
                  [ 0, 0, -1, 0, 0, 0, 1 ], [ 0, 0, 0, 0, 1, 0, 0 ], [ 0, 0, 0, 0, 0, 1, 0 ], 
                  [ 0, 0, 0, 0, 0, 0, 1 ] ], 
              [ [ 1, 0, 1, 1, 1, 0, -1 ], [ 0, 1, 0, 0, 0, 0, 0 ], [ 0, 0, 0, 0, -1, 0, 1 ], 
                  [ 0, 0, 0, -1, 0, 0, 0 ], [ 0, 0, -1, 0, 0, 0, 1 ], [ 0, 0, 0, 0, 0, 1, 0 ], 
                  [ 0, 0, 0, 0, 0, 0, 1 ] ], 
              [ [ 1, 1, 0, 0, 0, -1, 0 ], [ 0, -1, 0, 0, 0, 2, 0 ], [ 0, 0, 1, 0, 0, 0, 0 ], [ 0, 0, 0, 1, 0, 0, 0 ],
                  [ 0, 0, 0, 0, 1, 0, 0 ], [ 0, 0, 0, 0, 0, 1, 0 ], [ 0, 0, 0, 0, 0, 0, 1 ] ] ]), 
            [ ( 2, 4)( 3, 5)( 8,10)( 9,11), ( 1, 2)( 3, 4)( 5, 6)( 7, 8)( 9,10)(11,12), 
              ( 1, 7)( 2, 8)( 3, 9)( 4,10)( 5,11)( 6,12) ], 
            [ [ [ 1, 0, 1, 1, 0, 0, -1 ], [ 0, 1, 0, 0, 0, 0, 0 ], [ 0, 0, 0, -1, 0, 0, 1 ], 
                  [ 0, 0, -1, 0, 0, 0, 1 ], [ 0, 0, 0, 0, 1, 0, 0 ], [ 0, 0, 0, 0, 0, 1, 0 ], 
                  [ 0, 0, 0, 0, 0, 0, 1 ] ], 
              [ [ 1, 0, 1, 1, 1, 0, -1 ], [ 0, 1, 0, 0, 0, 0, 0 ], [ 0, 0, 0, 0, -1, 0, 1 ], 
                  [ 0, 0, 0, -1, 0, 0, 0 ], [ 0, 0, -1, 0, 0, 0, 1 ], [ 0, 0, 0, 0, 0, 1, 0 ], 
                  [ 0, 0, 0, 0, 0, 0, 1 ] ], 
              [ [ 1, 1, 0, 0, 0, -1, 0 ], [ 0, -1, 0, 0, 0, 2, 0 ], [ 0, 0, 1, 0, 0, 0, 0 ], [ 0, 0, 0, 1, 0, 0, 0 ],
                  [ 0, 0, 0, 0, 1, 0, 0 ], [ 0, 0, 0, 0, 0, 1, 0 ], [ 0, 0, 0, 0, 0, 0, 1 ] ] ] ) ),
      VectSpace := [ [ 0, 0, 0, 0, 1, 0 ], [ 0, 0, 0, 0, 0, 1 ] ],
      n := 6 ), rec(
      EXT := [ [ 1, 1, 1, 0, 0, -1, -1 ], [ 1, 1, 1, 0, 1, -1, -1 ], [ 1, 1, 1, 1, 1, -1, -1 ], 
          [ 1, 1, 0, 0, 0, -1, 0 ], [ 1, 1, 0, 0, 1, -1, 0 ], [ 1, 1, 0, 1, 1, -1, 0 ], [ 1, 0, 1, 0, 0, 0, -1 ], 
          [ 1, 0, 1, 0, 1, 0, -1 ], [ 1, 0, 1, 1, 1, 0, -1 ], [ 1, 0, 0, 0, 0, 0, 0 ], [ 1, 0, 0, 0, 1, 0, 0 ], 
          [ 1, 0, 0, 1, 1, 0, 0 ] ],
      ListAdjacentVert := [ [ 1, 0, 0, -1, 0, 0, 0 ], [ 1, 0, 0, 1, 0, 0, 0 ], [ 1, 0, 1, -1, 0, 0, -1 ], 
          [ 1, 0, 0, 1, 2, 0, 0 ], [ 1, 0, 1, 1, 0, 0, -1 ], [ 1, 1, 0, -1, 0, -1, 0 ], [ 1, 0, 1, 1, 2, 0, -1 ], 
          [ 1, 1, 0, 1, 0, -1, 0 ], [ 1, 1, 1, -1, 0, -1, -1 ], [ 1, 1, 0, 1, 2, -1, 0 ], [ 1, 1, 1, 1, 0, -1, -1 ], 
          [ 1, 1, 1, 1, 2, -1, -1 ], [ 1, 2, 0, 0, 0, -2, 0 ], [ 1, 0, 2, 0, 0, 0, -2 ], [ 1, 2, 0, 0, 1, -2, 0 ], 
          [ 1, 2, 1, 0, 0, -2, -1 ], [ 1, 0, 2, 0, 1, 0, -2 ], [ 1, 0, -1, 0, 0, 0, 1 ], [ 1, 2, 0, 1, 1, -2, 0 ], 
          [ 1, 2, 1, 0, 1, -2, -1 ], [ 1, 1, 2, 0, 0, -1, -2 ], [ 1, 0, 2, 1, 1, 0, -2 ], [ 1, 0, -1, 0, 1, 0, 1 ], 
          [ 1, -1, 0, 0, 0, 1, 0 ], [ 1, 2, 1, 1, 1, -2, -1 ], [ 1, 1, 2, 0, 1, -1, -2 ], [ 1, 1, -1, 0, 0, -1, 1 ], 
          [ 1, 0, -1, 1, 1, 0, 1 ], [ 1, -1, 0, 0, 1, 1, 0 ], [ 1, -1, 1, 0, 0, 1, -1 ], [ 1, 1, 2, 1, 1, -1, -2 ], 
          [ 1, 1, -1, 0, 1, -1, 1 ], [ 1, -1, 0, 1, 1, 1, 0 ], [ 1, -1, 1, 0, 1, 1, -1 ], [ 1, 1, -1, 1, 1, -1, 1 ], 
          [ 1, -1, 1, 1, 1, 1, -1 ], [ 1, 1, 1, 0, 0, -1, -1 ], [ 1, 1, 1, 0, 1, -1, -1 ], [ 1, 1, 1, 1, 1, -1, -1 ],
          [ 1, 1, 0, 0, 0, -1, 0 ], [ 1, 1, 0, 0, 1, -1, 0 ], [ 1, 1, 0, 1, 1, -1, 0 ], [ 1, 0, 1, 0, 0, 0, -1 ], 
          [ 1, 0, 1, 0, 1, 0, -1 ], [ 1, 0, 1, 1, 1, 0, -1 ], [ 1, 0, 0, 0, 0, 0, 0 ], [ 1, 0, 0, 0, 1, 0, 0 ], 
          [ 1, 0, 0, 1, 1, 0, 0 ] ],
      TheQuadForm := [ [ 2, 0, 0, 0, 0, 0 ], [ 0, 2, 0, 0, 0, 0 ], [ 0, 0, 4, -2, 0, 0 ], [ 0, 0, -2, 4, 0, 0 ], 
          [ 0, 0, 0, 0, 0, 0 ], [ 0, 0, 0, 0, 0, 0 ] ],
      TheQuadFunction := [ [ 0, -1, -1, 0, -2, 0, 0 ], [ -1, 2, 0, 0, 0, 0, 0 ], [ -1, 0, 2, 0, 0, 0, 0 ], 
          [ 0, 0, 0, 4, -2, 0, 0 ], [ -2, 0, 0, -2, 4, 0, 0 ], [ 0, 0, 0, 0, 0, 0, 0 ], [ 0, 0, 0, 0, 0, 0, 0 ] ],
      TheStab := rec(
          GRPperm := Group( [ ( 4, 7)( 5, 8)( 6, 9), ( 1, 3)( 4, 6)( 7, 9)(10,12), 
              ( 1, 4)( 2, 5)( 3, 6)( 7,10)( 8,11)( 9,12) ] ),
          TheMatrGRP := 
           Group(
            [ [ [ 1, 0, 0, 0, 0, 0, 0 ], [ 0, 0, 1, 0, 0, 1, -1 ], [ 0, 1, 0, 0, 0, -1, 1 ], [ 0, 0, 0, 1, 0, 0, 0 ],
                  [ 0, 0, 0, 0, 1, 0, 0 ], [ 0, 0, 0, 0, 0, 1, 0 ], [ 0, 0, 0, 0, 0, 0, 1 ] ], 
              [ [ 1, 0, 0, 1, 1, 0, 0 ], [ 0, 1, 0, 0, 0, 0, 0 ], [ 0, 0, 1, 0, 0, 0, 0 ], [ 0, 0, 0, 0, -1, 0, 0 ], 
                  [ 0, 0, 0, -1, 0, 0, 0 ], [ 0, 0, 0, 0, 0, 1, 0 ], [ 0, 0, 0, 0, 0, 0, 1 ] ], 
              [ [ 1, 0, 1, 0, 0, 0, -1 ], [ 0, 1, 0, 0, 0, 0, 0 ], [ 0, 0, -1, 0, 0, 0, 2 ], [ 0, 0, 0, 1, 0, 0, 0 ],
                  [ 0, 0, 0, 0, 1, 0, 0 ], [ 0, 0, 0, 0, 0, 1, 0 ], [ 0, 0, 0, 0, 0, 0, 1 ] ] ]),
          phi := GroupHomomorphismByImages( Group( [ ( 4, 7)( 5, 8)( 6, 9), ( 1, 3)( 4, 6)( 7, 9)(10,12), 
              ( 1, 4)( 2, 5)( 3, 6)( 7,10)( 8,11)( 9,12) ] ), Group(
            [ [ [ 1, 0, 0, 0, 0, 0, 0 ], [ 0, 0, 1, 0, 0, 1, -1 ], [ 0, 1, 0, 0, 0, -1, 1 ], [ 0, 0, 0, 1, 0, 0, 0 ],
                  [ 0, 0, 0, 0, 1, 0, 0 ], [ 0, 0, 0, 0, 0, 1, 0 ], [ 0, 0, 0, 0, 0, 0, 1 ] ], 
              [ [ 1, 0, 0, 1, 1, 0, 0 ], [ 0, 1, 0, 0, 0, 0, 0 ], [ 0, 0, 1, 0, 0, 0, 0 ], [ 0, 0, 0, 0, -1, 0, 0 ], 
                  [ 0, 0, 0, -1, 0, 0, 0 ], [ 0, 0, 0, 0, 0, 1, 0 ], [ 0, 0, 0, 0, 0, 0, 1 ] ], 
              [ [ 1, 0, 1, 0, 0, 0, -1 ], [ 0, 1, 0, 0, 0, 0, 0 ], [ 0, 0, -1, 0, 0, 0, 2 ], [ 0, 0, 0, 1, 0, 0, 0 ],
                  [ 0, 0, 0, 0, 1, 0, 0 ], [ 0, 0, 0, 0, 0, 1, 0 ], [ 0, 0, 0, 0, 0, 0, 1 ] ] ]), 
            [ ( 4, 7)( 5, 8)( 6, 9), ( 1, 3)( 4, 6)( 7, 9)(10,12), ( 1, 4)( 2, 5)( 3, 6)( 7,10)( 8,11)( 9,12) ], 
            [ [ [ 1, 0, 0, 0, 0, 0, 0 ], [ 0, 0, 1, 0, 0, 1, -1 ], [ 0, 1, 0, 0, 0, -1, 1 ], [ 0, 0, 0, 1, 0, 0, 0 ],
                  [ 0, 0, 0, 0, 1, 0, 0 ], [ 0, 0, 0, 0, 0, 1, 0 ], [ 0, 0, 0, 0, 0, 0, 1 ] ], 
              [ [ 1, 0, 0, 1, 1, 0, 0 ], [ 0, 1, 0, 0, 0, 0, 0 ], [ 0, 0, 1, 0, 0, 0, 0 ], [ 0, 0, 0, 0, -1, 0, 0 ], 
                  [ 0, 0, 0, -1, 0, 0, 0 ], [ 0, 0, 0, 0, 0, 1, 0 ], [ 0, 0, 0, 0, 0, 0, 1 ] ], 
              [ [ 1, 0, 1, 0, 0, 0, -1 ], [ 0, 1, 0, 0, 0, 0, 0 ], [ 0, 0, -1, 0, 0, 0, 2 ], [ 0, 0, 0, 1, 0, 0, 0 ],
                  [ 0, 0, 0, 0, 1, 0, 0 ], [ 0, 0, 0, 0, 0, 1, 0 ], [ 0, 0, 0, 0, 0, 0, 1 ] ] ] ) ),
      VectSpace := [ [ 0, 0, 0, 0, 1, 0 ], [ 0, 0, 0, 0, 0, 1 ] ],
      n := 6 ), rec(
      EXT := [ [ 1, 1, 1, 0, 0, -1, -1 ], [ 1, 1, 1, 0, 1, -1, -1 ], [ 1, 1, 1, 1, 0, -1, -1 ], 
          [ 1, 1, 0, 0, 1, -1, 0 ], [ 1, 1, 0, 1, 0, -1, 0 ], [ 1, 1, 0, 1, 1, -1, 0 ], [ 1, 0, 1, 0, 1, 0, -1 ], 
          [ 1, 0, 1, 1, 0, 0, -1 ], [ 1, 0, 1, 1, 1, 0, -1 ], [ 1, 0, 0, 1, 1, 0, 0 ] ],
      ListAdjacentVert := [ [ 1, 1, 1, -1, 1, -1, -1 ], [ 1, 1, 1, 1, -1, -1, -1 ], [ 1, 1, 1, 1, 1, -1, -1 ], 
          [ 1, 1, -1, 1, 1, -1, 1 ], [ 1, -1, 1, 1, 1, 1, -1 ], [ 1, 2, 0, 0, 0, -2, 0 ], [ 1, 2, 1, 0, 0, -2, -1 ], 
          [ 1, 0, 2, 0, 0, 0, -2 ], [ 1, 2, 0, 0, 1, -2, 0 ], [ 1, 1, 2, 0, 0, -1, -2 ], [ 1, 0, 1, 0, 0, 0, -1 ], 
          [ 1, 0, 2, 0, 1, 0, -2 ], [ 1, 2, 0, 1, 0, -2, 0 ], [ 1, 1, 0, 0, 0, -1, 0 ], [ 1, 0, 1, 0, 2, 0, -1 ], 
          [ 1, 0, 2, 1, 0, 0, -2 ], [ 1, 0, 0, 0, 1, 0, 0 ], [ 1, 1, 0, 0, 2, -1, 0 ], [ 1, 0, 1, 2, 0, 0, -1 ], 
          [ 1, 0, 0, 0, 2, 0, 0 ], [ 1, 0, 0, 1, 0, 0, 0 ], [ 1, 1, 0, 2, 0, -1, 0 ], [ 1, 0, 0, 2, 0, 0, 0 ], 
          [ 1, 0, 0, 1, 2, 0, 0 ], [ 1, 0, 0, 2, 1, 0, 0 ], [ 1, 1, 1, 0, 0, -1, -1 ], [ 1, 1, 1, 0, 1, -1, -1 ], 
          [ 1, 1, 1, 1, 0, -1, -1 ], [ 1, 1, 0, 0, 1, -1, 0 ], [ 1, 1, 0, 1, 0, -1, 0 ], [ 1, 1, 0, 1, 1, -1, 0 ], 
          [ 1, 0, 1, 0, 1, 0, -1 ], [ 1, 0, 1, 1, 0, 0, -1 ], [ 1, 0, 1, 1, 1, 0, -1 ], [ 1, 0, 0, 1, 1, 0, 0 ] ],
      TheQuadForm := [ [ 2, 1, 1, 1, 0, 0 ], [ 1, 2, 1, 1, 0, 0 ], [ 1, 1, 2, 1, 0, 0 ], [ 1, 1, 1, 2, 0, 0 ], 
          [ 0, 0, 0, 0, 0, 0 ], [ 0, 0, 0, 0, 0, 0 ] ],
      TheQuadFunction := [ [ 6, -3, -3, -3, -3, 0, 0 ], [ -3, 2, 1, 1, 1, 0, 0 ], [ -3, 1, 2, 1, 1, 0, 0 ], 
          [ -3, 1, 1, 2, 1, 0, 0 ], [ -3, 1, 1, 1, 2, 0, 0 ], [ 0, 0, 0, 0, 0, 0, 0 ], [ 0, 0, 0, 0, 0, 0, 0 ] ],
      TheStab := rec(
          GRPperm := Group( [ ( 2, 3)( 4, 5)( 7, 8), ( 4, 7)( 5, 8)( 6, 9), ( 1, 4)( 3, 6)( 8,10) ] ),
          TheMatrGRP := 
           Group(
            [ [ [ 1, 0, 0, 0, 0, 0, 0 ], [ 0, 1, 0, 0, 0, 0, 0 ], [ 0, 0, 1, 0, 0, 0, 0 ], [ 0, 0, 0, 0, 1, 0, 0 ], 
                  [ 0, 0, 0, 1, 0, 0, 0 ], [ 0, 0, 0, 0, 0, 1, 0 ], [ 0, 0, 0, 0, 0, 0, 1 ] ], 
              [ [ 1, 0, 0, 0, 0, 0, 0 ], [ 0, 0, 1, 0, 0, 1, -1 ], [ 0, 1, 0, 0, 0, -1, 1 ], [ 0, 0, 0, 1, 0, 0, 0 ],
                  [ 0, 0, 0, 0, 1, 0, 0 ], [ 0, 0, 0, 0, 0, 1, 0 ], [ 0, 0, 0, 0, 0, 0, 1 ] ], 
              [ [ 1, 0, 0, 0, 0, 0, 0 ], [ 0, 1, 0, 0, 0, 0, 0 ], [ 0, 0, 0, 0, 1, 0, 1 ], [ 0, 0, 0, 1, 0, 0, 0 ], 
                  [ 0, 0, 1, 0, 0, 0, -1 ], [ 0, 0, 0, 0, 0, 1, 0 ], [ 0, 0, 0, 0, 0, 0, 1 ] ] ]),
          phi := GroupHomomorphismByImages( Group( [ ( 2, 3)( 4, 5)( 7, 8), ( 4, 7)( 5, 8)( 6, 9), 
              ( 1, 4)( 3, 6)( 8,10) ] ), Group(
            [ [ [ 1, 0, 0, 0, 0, 0, 0 ], [ 0, 1, 0, 0, 0, 0, 0 ], [ 0, 0, 1, 0, 0, 0, 0 ], [ 0, 0, 0, 0, 1, 0, 0 ], 
                  [ 0, 0, 0, 1, 0, 0, 0 ], [ 0, 0, 0, 0, 0, 1, 0 ], [ 0, 0, 0, 0, 0, 0, 1 ] ], 
              [ [ 1, 0, 0, 0, 0, 0, 0 ], [ 0, 0, 1, 0, 0, 1, -1 ], [ 0, 1, 0, 0, 0, -1, 1 ], [ 0, 0, 0, 1, 0, 0, 0 ],
                  [ 0, 0, 0, 0, 1, 0, 0 ], [ 0, 0, 0, 0, 0, 1, 0 ], [ 0, 0, 0, 0, 0, 0, 1 ] ], 
              [ [ 1, 0, 0, 0, 0, 0, 0 ], [ 0, 1, 0, 0, 0, 0, 0 ], [ 0, 0, 0, 0, 1, 0, 1 ], [ 0, 0, 0, 1, 0, 0, 0 ], 
                  [ 0, 0, 1, 0, 0, 0, -1 ], [ 0, 0, 0, 0, 0, 1, 0 ], [ 0, 0, 0, 0, 0, 0, 1 ] ] ]), 
            [ ( 2, 3)( 4, 5)( 7, 8), ( 4, 7)( 5, 8)( 6, 9), ( 1, 4)( 3, 6)( 8,10) ], 
            [ [ [ 1, 0, 0, 0, 0, 0, 0 ], [ 0, 1, 0, 0, 0, 0, 0 ], [ 0, 0, 1, 0, 0, 0, 0 ], [ 0, 0, 0, 0, 1, 0, 0 ], 
                  [ 0, 0, 0, 1, 0, 0, 0 ], [ 0, 0, 0, 0, 0, 1, 0 ], [ 0, 0, 0, 0, 0, 0, 1 ] ], 
              [ [ 1, 0, 0, 0, 0, 0, 0 ], [ 0, 0, 1, 0, 0, 1, -1 ], [ 0, 1, 0, 0, 0, -1, 1 ], [ 0, 0, 0, 1, 0, 0, 0 ],
                  [ 0, 0, 0, 0, 1, 0, 0 ], [ 0, 0, 0, 0, 0, 1, 0 ], [ 0, 0, 0, 0, 0, 0, 1 ] ], 
              [ [ 1, 0, 0, 0, 0, 0, 0 ], [ 0, 1, 0, 0, 0, 0, 0 ], [ 0, 0, 0, 0, 1, 0, 1 ], [ 0, 0, 0, 1, 0, 0, 0 ], 
                  [ 0, 0, 1, 0, 0, 0, -1 ], [ 0, 0, 0, 0, 0, 1, 0 ], [ 0, 0, 0, 0, 0, 0, 1 ] ] ] ) ),
      VectSpace := [ [ 0, 0, 0, 0, 1, 0 ], [ 0, 0, 0, 0, 0, 1 ] ],
      n := 6 ), rec(
      EXT := [ [ 1, 1, 0, 0, 0, 1, -1 ], [ 1, 1, 0, 0, 1, 1, -1 ], [ 1, 1, 0, 1, 1, 0, -1 ], 
          [ 1, 1, 0, 1, 0, 1, -1 ], [ 1, 1, 1, 0, 1, 0, -1 ], [ 1, 1, 1, 0, 0, 1, -1 ], [ 1, 1, 1, 1, 0, 0, -1 ], 
          [ 1, 1, 1, 1, 1, 0, -1 ], [ 1, 0, 0, 0, 1, 1, 0 ], [ 1, 0, 0, 0, 0, 2, 0 ], [ 1, 0, 0, 1, 0, 1, 0 ], 
          [ 1, 0, 0, 1, 1, 1, 0 ], [ 1, 0, 1, 0, 0, 1, 0 ], [ 1, 0, 1, 0, 1, 1, 0 ], [ 1, 0, 1, 1, 1, 0, 0 ], 
          [ 1, 0, 1, 1, 0, 1, 0 ] ],
      ListAdjacentVert := [ [ 1, 0, 0, 0, 0, 1, 0 ], [ 1, 0, 0, 0, -1, 2, 0 ], [ 1, 0, 0, -1, 0, 2, 0 ], 
          [ 1, 1, 1, 0, 0, 0, -1 ], [ 1, 0, 0, 0, 2, 1, 0 ], [ 1, 1, 1, 0, -1, 1, -1 ], [ 1, 0, 0, 0, 1, 2, 0 ], 
          [ 1, 0, -1, 0, 0, 2, 0 ], [ 1, 1, 1, -1, 0, 1, -1 ], [ 1, 0, 0, -1, 1, 2, 0 ], [ 1, 1, 0, 1, 0, 0, -1 ], 
          [ 1, 1, 1, 0, 2, 0, -1 ], [ 1, 0, 0, 1, 2, 0, 0 ], [ 1, 1, 0, 1, -1, 1, -1 ], [ 1, 1, 1, 0, 1, 1, -1 ], 
          [ 1, 0, 0, 2, 1, 0, 0 ], [ 1, 2, 1, 0, 0, 0, -2 ], [ 1, 0, -1, 0, 1, 2, 0 ], [ 1, 1, -1, 1, 0, 1, -1 ], 
          [ 1, 1, 1, -1, 1, 1, -1 ], [ 1, 0, 0, 1, 1, 0, 0 ], [ 1, 1, 0, -1, 0, 2, -1 ], [ 1, 1, 0, 1, 2, 0, -1 ], 
          [ 1, 1, 1, 1, 2, -1, -1 ], [ 1, 0, 0, 1, 0, 2, 0 ], [ 1, 0, 1, 0, 2, 0, 0 ], [ 1, 1, 0, 0, -1, 2, -1 ], 
          [ 1, 1, 0, 1, 1, 1, -1 ], [ 1, 1, 1, 2, 1, -1, -1 ], [ 1, 0, 0, 2, 0, 1, 0 ], [ 1, 0, 2, 0, 1, 0, 0 ], 
          [ 1, 2, 0, 1, 0, 0, -2 ], [ 1, 2, 1, 0, 1, 0, -2 ], [ 1, 0, -1, 1, 1, 1, 0 ], [ 1, 1, -1, 0, 0, 2, -1 ], 
          [ 1, 1, -1, 1, 1, 1, -1 ], [ 1, 1, 1, 1, 1, -1, -1 ], [ 1, 0, 0, 1, -1, 2, 0 ], [ 1, 0, 1, 0, 1, 0, 0 ], 
          [ 1, 1, 0, -1, 1, 1, -1 ], [ 1, 1, 1, 1, 0, 1, -1 ], [ 1, 0, 1, 0, 0, 2, 0 ], [ 1, 1, 0, 0, 1, 0, -1 ], 
          [ 1, 1, 0, 0, 0, 2, -1 ], [ 1, 1, 0, 2, 1, 0, -1 ], [ 1, 1, 1, 2, 0, 0, -1 ], [ 1, 1, 2, 1, 1, -1, -1 ], 
          [ 1, 0, 2, 0, 0, 1, 0 ], [ 1, -1, 1, 0, 1, 1, 1 ], [ 1, 2, 0, 0, 0, 1, -2 ], [ 1, 2, 0, 1, 1, 0, -2 ], 
          [ 1, 2, 1, 1, 1, -1, -2 ], [ 1, 0, -1, 1, 0, 2, 0 ], [ 1, 0, 1, -1, 1, 1, 0 ], [ 1, 1, -1, 0, 1, 1, -1 ], 
          [ 1, 1, 1, 1, -1, 1, -1 ], [ 1, 0, 1, 0, -1, 2, 0 ], [ 1, 0, 1, 2, 0, 0, 0 ], [ 1, 1, 0, 0, 2, 0, -1 ], 
          [ 1, 1, 0, 2, 0, 0, -1 ], [ 1, 1, 2, 0, 1, 0, -1 ], [ 1, 1, 2, 1, 0, 0, -1 ], [ 1, -1, 0, 1, 1, 1, 1 ], 
          [ 1, 0, 2, 1, 0, 0, 0 ], [ 1, -1, 1, 0, 0, 2, 1 ], [ 1, 2, 0, 0, 1, 0, -2 ], [ 1, 2, 1, 1, 0, 0, -2 ], 
          [ 1, 0, 1, -1, 0, 2, 0 ], [ 1, 0, 1, 1, -1, 1, 0 ], [ 1, 0, 1, 2, 1, 0, 0 ], [ 1, 1, 2, 0, 0, 0, -1 ], 
          [ 1, -1, 0, 0, 1, 2, 1 ], [ 1, -1, 0, 1, 0, 2, 1 ], [ 1, -1, 1, 1, 0, 1, 1 ], [ 1, 0, 2, 1, 1, 0, 0 ], 
          [ 1, 0, 1, 1, 0, 0, 0 ], [ 1, 0, 1, 1, 1, 1, 0 ], [ 1, -1, 0, 0, 0, 2, 1 ], [ 1, -1, 1, 1, 1, 1, 1 ], 
          [ 1, 0, 1, 1, 2, 0, 0 ], [ 1, 1, 0, 0, 0, 1, -1 ], [ 1, 1, 0, 0, 1, 1, -1 ], [ 1, 1, 0, 1, 1, 0, -1 ], 
          [ 1, 1, 0, 1, 0, 1, -1 ], [ 1, 1, 1, 0, 1, 0, -1 ], [ 1, 1, 1, 0, 0, 1, -1 ], [ 1, 1, 1, 1, 0, 0, -1 ], 
          [ 1, 1, 1, 1, 1, 0, -1 ], [ 1, 0, 0, 0, 1, 1, 0 ], [ 1, 0, 0, 0, 0, 2, 0 ], [ 1, 0, 0, 1, 0, 1, 0 ], 
          [ 1, 0, 0, 1, 1, 1, 0 ], [ 1, 0, 1, 0, 0, 1, 0 ], [ 1, 0, 1, 0, 1, 1, 0 ], [ 1, 0, 1, 1, 1, 0, 0 ], 
          [ 1, 0, 1, 1, 0, 1, 0 ] ],
      TheQuadForm := [ [ 2, 1, 1, 1, 2, 0 ], [ 1, 2, 1, 1, 2, 0 ], [ 1, 1, 2, 1, 2, 0 ], [ 1, 1, 1, 2, 2, 0 ], 
          [ 2, 2, 2, 2, 4, 0 ], [ 0, 0, 0, 0, 0, 0 ] ],
      TheQuadFunction := [ [ 12, -4, -4, -4, -4, -7, 0 ], [ -4, 2, 1, 1, 1, 2, 0 ], [ -4, 1, 2, 1, 1, 2, 0 ], 
          [ -4, 1, 1, 2, 1, 2, 0 ], [ -4, 1, 1, 1, 2, 2, 0 ], [ -7, 2, 2, 2, 2, 4, 0 ], [ 0, 0, 0, 0, 0, 0, 0 ] ],
      TheStab := rec(
          GRPperm := Group( [ ( 5, 9)( 6,10)( 7,11)( 8,12), ( 3, 5)( 4, 6)(11,13)(12,14), 
              ( 2, 4)( 5, 7)( 9,11)(14,16), ( 1, 2)( 3, 4)( 5, 6)( 7, 8)( 9,10)(11,12)(13,14)(15,16) ] ),
          TheMatrGRP := 
           Group(
            [ [ [ 1, 1, 1, 0, 0, -1, -1 ], [ 0, 0, -1, 0, 0, 1, 1 ], [ 0, -1, 0, 0, 0, 1, 1 ], 
                  [ 0, 0, 0, 1, 0, 0, 0 ], [ 0, 0, 0, 0, 1, 0, 0 ], [ 0, 0, 0, 0, 0, 1, 0 ], [ 0, 0, 0, 0, 0, 0, 1 ] 
                 ], [ [ 1, 0, 0, 0, 0, 0, 0 ], [ 0, 1, 0, 0, 0, 0, 0 ], [ 0, 0, 0, 1, 0, 0, 0 ], 
                  [ 0, 0, 1, 0, 0, 0, 0 ], [ 0, 0, 0, 0, 1, 0, 0 ], [ 0, 0, 0, 0, 0, 1, 0 ], [ 0, 0, 0, 0, 0, 0, 1 ] 
                 ], [ [ 1, 0, 0, 0, 0, 0, 0 ], [ 0, 1, 0, 0, 0, 0, 0 ], [ 0, 0, 1, 0, 0, 0, 0 ], 
                  [ 0, 0, 0, 0, 1, 0, 0 ], [ 0, 0, 0, 1, 0, 0, 0 ], [ 0, 0, 0, 0, 0, 1, 0 ], [ 0, 0, 0, 0, 0, 0, 1 ] 
                 ], [ [ 1, 0, 0, 0, 1, 3, 0 ], [ 0, 1, 0, 0, 0, -1, 0 ], [ 0, 0, 1, 0, 0, -1, 0 ], 
                  [ 0, 0, 0, 1, 0, -1, 0 ], [ 0, 0, 0, 0, -1, 0, 0 ], [ 0, 0, 0, 0, 0, -1, 0 ], 
                  [ 0, 0, 0, 0, 0, 0, 1 ] ] ]),
          phi := GroupHomomorphismByImages( Group( [ ( 5, 9)( 6,10)( 7,11)( 8,12), ( 3, 5)( 4, 6)(11,13)(12,14), 
              ( 2, 4)( 5, 7)( 9,11)(14,16), ( 1, 2)( 3, 4)( 5, 6)( 7, 8)( 9,10)(11,12)(13,14)(15,16) ] ), Group(
            [ [ [ 1, 1, 1, 0, 0, -1, -1 ], [ 0, 0, -1, 0, 0, 1, 1 ], [ 0, -1, 0, 0, 0, 1, 1 ], 
                  [ 0, 0, 0, 1, 0, 0, 0 ], [ 0, 0, 0, 0, 1, 0, 0 ], [ 0, 0, 0, 0, 0, 1, 0 ], [ 0, 0, 0, 0, 0, 0, 1 ] 
                 ], [ [ 1, 0, 0, 0, 0, 0, 0 ], [ 0, 1, 0, 0, 0, 0, 0 ], [ 0, 0, 0, 1, 0, 0, 0 ], 
                  [ 0, 0, 1, 0, 0, 0, 0 ], [ 0, 0, 0, 0, 1, 0, 0 ], [ 0, 0, 0, 0, 0, 1, 0 ], [ 0, 0, 0, 0, 0, 0, 1 ] 
                 ], [ [ 1, 0, 0, 0, 0, 0, 0 ], [ 0, 1, 0, 0, 0, 0, 0 ], [ 0, 0, 1, 0, 0, 0, 0 ], 
                  [ 0, 0, 0, 0, 1, 0, 0 ], [ 0, 0, 0, 1, 0, 0, 0 ], [ 0, 0, 0, 0, 0, 1, 0 ], [ 0, 0, 0, 0, 0, 0, 1 ] 
                 ], [ [ 1, 0, 0, 0, 1, 3, 0 ], [ 0, 1, 0, 0, 0, -1, 0 ], [ 0, 0, 1, 0, 0, -1, 0 ], 
                  [ 0, 0, 0, 1, 0, -1, 0 ], [ 0, 0, 0, 0, -1, 0, 0 ], [ 0, 0, 0, 0, 0, -1, 0 ], 
                  [ 0, 0, 0, 0, 0, 0, 1 ] ] ]), [ ( 5, 9)( 6,10)( 7,11)( 8,12), ( 3, 5)( 4, 6)(11,13)(12,14), 
              ( 2, 4)( 5, 7)( 9,11)(14,16), ( 1, 2)( 3, 4)( 5, 6)( 7, 8)( 9,10)(11,12)(13,14)(15,16) ], 
            [ [ [ 1, 1, 1, 0, 0, -1, -1 ], [ 0, 0, -1, 0, 0, 1, 1 ], [ 0, -1, 0, 0, 0, 1, 1 ], 
                  [ 0, 0, 0, 1, 0, 0, 0 ], [ 0, 0, 0, 0, 1, 0, 0 ], [ 0, 0, 0, 0, 0, 1, 0 ], [ 0, 0, 0, 0, 0, 0, 1 ] 
                 ], [ [ 1, 0, 0, 0, 0, 0, 0 ], [ 0, 1, 0, 0, 0, 0, 0 ], [ 0, 0, 0, 1, 0, 0, 0 ], 
                  [ 0, 0, 1, 0, 0, 0, 0 ], [ 0, 0, 0, 0, 1, 0, 0 ], [ 0, 0, 0, 0, 0, 1, 0 ], [ 0, 0, 0, 0, 0, 0, 1 ] 
                 ], [ [ 1, 0, 0, 0, 0, 0, 0 ], [ 0, 1, 0, 0, 0, 0, 0 ], [ 0, 0, 1, 0, 0, 0, 0 ], 
                  [ 0, 0, 0, 0, 1, 0, 0 ], [ 0, 0, 0, 1, 0, 0, 0 ], [ 0, 0, 0, 0, 0, 1, 0 ], [ 0, 0, 0, 0, 0, 0, 1 ] 
                 ], [ [ 1, 0, 0, 0, 1, 3, 0 ], [ 0, 1, 0, 0, 0, -1, 0 ], [ 0, 0, 1, 0, 0, -1, 0 ], 
                  [ 0, 0, 0, 1, 0, -1, 0 ], [ 0, 0, 0, 0, -1, 0, 0 ], [ 0, 0, 0, 0, 0, -1, 0 ], 
                  [ 0, 0, 0, 0, 0, 0, 1 ] ] ] ) ),
      VectSpace := [ [ 0, 0, 0, 0, 0, 1 ] ],
      n := 6 ), rec(
      EXT := [ [ 1, 0, 0, 1, 1, 1, 0 ], [ 1, 0, 0, 1, 1, 0, 1 ], [ 1, 0, 0, 1, 1, 1, 1 ], [ 1, 0, 1, 0, 0, 1, 1 ], 
          [ 1, 0, 1, 0, 1, 0, 1 ], [ 1, 0, 1, 0, 1, 1, 1 ], [ 1, 0, 1, 0, 1, 0, 2 ], [ 1, 0, 1, 1, 0, 1, 0 ], 
          [ 1, 0, 1, 1, 0, 2, 0 ], [ 1, 0, 1, 1, 0, 1, 1 ], [ 1, 0, 1, 1, 1, 1, 0 ], [ 1, 0, 1, 1, 1, 0, 1 ], 
          [ 1, 0, 1, 1, 1, 1, 1 ], [ 1, 1, 0, 0, 1, 0, 1 ], [ 1, 1, 0, 1, 0, 1, 0 ], [ 1, 1, 0, 1, 1, 0, 0 ], 
          [ 1, 1, 0, 1, 1, 1, 0 ], [ 1, 1, 0, 1, 1, 0, 1 ], [ 1, 1, 1, 0, 0, 1, 0 ], [ 1, 1, 1, 0, 0, 0, 1 ], 
          [ 1, 1, 1, 0, 0, 1, 1 ], [ 1, 1, 1, 0, 1, 0, 1 ], [ 1, 1, 1, 1, 0, 1, 0 ] ],
      ListAdjacentVert := [ [ 1, -1, 1, 1, 1, 1, 1 ], [ 1, 0, 0, 0, 0, 1, 1 ], [ 1, 0, 0, 0, 1, 0, 1 ], 
          [ 1, 0, 0, 0, 1, 1, 1 ], [ 1, 0, 0, 1, 0, 1, 0 ], [ 1, 0, 0, 0, 1, 0, 2 ], [ 1, 0, 0, 1, 0, 2, 0 ], 
          [ 1, 0, 0, 1, 0, 1, 1 ], [ 1, 0, 0, 0, 1, 1, 0 ], [ 1, 0, 0, 0, 1, -1, 2 ], [ 1, 0, 0, 1, 0, 2, -1 ], 
          [ 1, 0, 0, 0, 1, 1, 2 ], [ 1, 0, 0, 1, 0, 0, 1 ], [ 1, 0, 0, 1, 0, 2, 1 ], [ 1, 0, 0, 1, 1, 0, 0 ], 
          [ 1, 0, 0, 1, 1, 2, 0 ], [ 1, 0, 0, 1, 1, 0, 2 ], [ 1, 0, 0, 1, 1, 1, -1 ], [ 1, 0, 0, 1, 1, -1, 1 ], 
          [ 1, 0, 0, 1, 1, 2, -1 ], [ 1, 0, 0, 1, 1, 2, 1 ], [ 1, 0, 0, 1, 1, -1, 2 ], [ 1, 0, 0, 1, 1, 1, 2 ], 
          [ 1, 0, 0, 1, 2, 0, 1 ], [ 1, 0, 0, 2, 1, 1, 0 ], [ 1, 0, 1, -1, 1, 0, 2 ], [ 1, 0, 1, 1, -1, 2, 0 ], 
          [ 1, 0, 1, 0, 0, 0, 1 ], [ 1, 0, 1, 0, 0, 1, 0 ], [ 1, 0, 1, 0, 0, 2, 1 ], [ 1, 0, 1, 0, 0, 2, 0 ], 
          [ 1, 0, 1, 0, 0, 1, 2 ], [ 1, 0, 1, 0, 0, 0, 2 ], [ 1, 0, 1, 0, 1, 0, 0 ], [ 1, 0, 1, 0, 1, -1, 1 ], 
          [ 1, 0, 1, 0, 1, 2, 0 ], [ 1, 0, 1, 1, 0, 1, -1 ], [ 1, 0, 1, 0, 1, 2, 1 ], [ 1, 0, 1, 1, 0, 0, 0 ], 
          [ 1, 0, 1, 0, 1, -1, 3 ], [ 1, 0, 1, 1, 0, 3, -1 ], [ 1, 0, 1, 0, 1, 0, 3 ], [ 1, 0, 1, 1, 0, 3, 0 ], 
          [ 1, 0, 1, 1, 0, 0, 2 ], [ 1, 0, 1, 1, 0, 1, 2 ], [ 1, 0, 1, 0, 1, 1, 0 ], [ 1, 0, 1, 0, 1, -1, 2 ], 
          [ 1, 0, 1, 1, 0, 2, -1 ], [ 1, 0, 1, 0, 1, 1, 2 ], [ 1, 0, 1, 1, 0, 0, 1 ], [ 1, 0, 1, 1, 0, 2, 1 ], 
          [ 1, 0, 1, 1, 1, 0, 0 ], [ 1, 0, 1, 1, 1, 2, 0 ], [ 1, 0, 1, 1, 1, 0, 2 ], [ 1, 0, 1, 1, 1, 1, -1 ], 
          [ 1, 0, 1, 1, 1, -1, 1 ], [ 1, 0, 1, 1, 1, 2, -1 ], [ 1, 0, 1, 1, 1, 2, 1 ], [ 1, 0, 1, 1, 1, -1, 2 ], 
          [ 1, 0, 1, 1, 1, 1, 2 ], [ 1, 0, 2, 0, 0, 1, 1 ], [ 1, 1, -1, 1, 1, 0, 0 ], [ 1, 1, -1, 1, 1, 1, 0 ], 
          [ 1, 1, -1, 1, 1, 0, 1 ], [ 1, 1, 0, 0, 0, 0, 0 ], [ 1, 1, 0, 0, 0, 2, 0 ], [ 1, 1, 0, 0, 0, 0, 2 ], 
          [ 1, 1, 0, 0, 0, 0, 1 ], [ 1, 1, 0, 0, 0, 1, 0 ], [ 1, 1, 0, 0, 0, 1, 1 ], [ 1, 1, 0, 0, 1, -1, 1 ], 
          [ 1, 1, 0, 0, 1, 0, 0 ], [ 1, 1, 0, 0, 1, 1, 1 ], [ 1, 1, 0, 1, 0, 0, 0 ], [ 1, 1, 0, 0, 1, 1, 0 ], 
          [ 1, 1, 0, 1, 0, 1, -1 ], [ 1, 1, 0, 0, 1, 0, 2 ], [ 1, 1, 0, 1, 0, 2, 0 ], [ 1, 1, 0, 0, 1, -1, 2 ], 
          [ 1, 1, 0, 1, 0, 2, -1 ], [ 1, 1, 0, 1, 0, 1, 1 ], [ 1, 1, 0, 1, 0, 0, 1 ], [ 1, 1, 0, 1, 1, 0, -1 ], 
          [ 1, 1, 0, 1, 1, -1, 0 ], [ 1, 1, 0, 1, 1, 2, -1 ], [ 1, 1, 0, 1, 1, 2, 0 ], [ 1, 1, 0, 1, 1, -1, 2 ], 
          [ 1, 1, 0, 1, 1, 0, 2 ], [ 1, 1, 0, 1, 1, 1, -1 ], [ 1, 1, 0, 1, 1, -1, 1 ], [ 1, 1, 0, 1, 1, 1, 1 ], 
          [ 1, 1, 1, -1, 0, 0, 1 ], [ 1, 1, 1, -1, 0, 1, 1 ], [ 1, 1, 1, 0, -1, 1, 0 ], [ 1, 1, 1, -1, 0, 0, 2 ], 
          [ 1, 1, 1, 0, -1, 2, 0 ], [ 1, 1, 1, 0, -1, 1, 1 ], [ 1, 1, 1, -1, 1, -1, 2 ], [ 1, 1, 1, -1, 1, 0, 1 ], 
          [ 1, 1, 1, -1, 1, 0, 2 ], [ 1, 1, 1, 1, -1, 1, 0 ], [ 1, 1, 1, 1, -1, 2, -1 ], [ 1, 1, 1, 1, -1, 2, 0 ], 
          [ 1, 1, 1, 0, 0, 0, 0 ], [ 1, 1, 1, 0, 0, 2, 0 ], [ 1, 1, 1, 0, 0, 0, 2 ], [ 1, 1, 1, 0, 0, 1, -1 ], 
          [ 1, 1, 1, 0, 0, -1, 1 ], [ 1, 1, 1, 0, 0, 2, -1 ], [ 1, 1, 1, 0, 0, 2, 1 ], [ 1, 1, 1, 0, 0, -1, 2 ], 
          [ 1, 1, 1, 0, 0, 1, 2 ], [ 1, 1, 1, 0, 1, -1, 1 ], [ 1, 1, 1, 0, 1, 0, 0 ], [ 1, 1, 1, 0, 1, 1, 1 ], 
          [ 1, 1, 1, 1, 0, 0, 0 ], [ 1, 1, 1, 0, 1, 1, 0 ], [ 1, 1, 1, 1, 0, 1, -1 ], [ 1, 1, 1, 0, 1, 0, 2 ], 
          [ 1, 1, 1, 1, 0, 2, 0 ], [ 1, 1, 1, 0, 1, -1, 2 ], [ 1, 1, 1, 1, 0, 2, -1 ], [ 1, 1, 1, 1, 0, 1, 1 ], 
          [ 1, 1, 1, 1, 0, 0, 1 ], [ 1, 1, 1, 1, 1, 0, 0 ], [ 1, 1, 1, 1, 1, 1, 0 ], [ 1, 1, 1, 1, 1, 0, 1 ], 
          [ 1, 1, 1, 1, 1, 1, -1 ], [ 1, 1, 1, 1, 1, -1, 1 ], [ 1, 1, 1, 1, 1, 1, 1 ], [ 1, 2, 0, 0, 0, 0, 0 ], 
          [ 1, 2, 0, 0, 0, 1, 0 ], [ 1, 2, 0, 0, 0, 0, 1 ], [ 1, 2, 0, 0, 1, -1, 1 ], [ 1, 2, 0, 0, 1, 0, 0 ], 
          [ 1, 2, 0, 0, 1, 0, 1 ], [ 1, 2, 0, 1, 0, 0, 0 ], [ 1, 2, 0, 1, 0, 1, -1 ], [ 1, 2, 0, 1, 0, 1, 0 ], 
          [ 1, 2, 0, 1, 1, 0, 0 ], [ 1, 2, 1, 0, 0, 0, 0 ], [ 1, 2, 1, 0, 0, 1, 0 ], [ 1, 2, 1, 0, 0, 0, 1 ], 
          [ 1, 0, 0, 1, 1, 1, 0 ], [ 1, 0, 0, 1, 1, 0, 1 ], [ 1, 0, 0, 1, 1, 1, 1 ], [ 1, 0, 1, 0, 0, 1, 1 ], 
          [ 1, 0, 1, 0, 1, 0, 1 ], [ 1, 0, 1, 0, 1, 1, 1 ], [ 1, 0, 1, 0, 1, 0, 2 ], [ 1, 0, 1, 1, 0, 1, 0 ], 
          [ 1, 0, 1, 1, 0, 2, 0 ], [ 1, 0, 1, 1, 0, 1, 1 ], [ 1, 0, 1, 1, 1, 1, 0 ], [ 1, 0, 1, 1, 1, 0, 1 ], 
          [ 1, 0, 1, 1, 1, 1, 1 ], [ 1, 1, 0, 0, 1, 0, 1 ], [ 1, 1, 0, 1, 0, 1, 0 ], [ 1, 1, 0, 1, 1, 0, 0 ], 
          [ 1, 1, 0, 1, 1, 1, 0 ], [ 1, 1, 0, 1, 1, 0, 1 ], [ 1, 1, 1, 0, 0, 1, 0 ], [ 1, 1, 1, 0, 0, 0, 1 ], 
          [ 1, 1, 1, 0, 0, 1, 1 ], [ 1, 1, 1, 0, 1, 0, 1 ], [ 1, 1, 1, 1, 0, 1, 0 ] ],
      TheQuadForm := [ [ 6, 2, 2, 2, 2, 2 ], [ 2, 6, 2, 2, 0, 0 ], [ 2, 2, 6, 0, 0, 2 ], [ 2, 2, 0, 6, 2, 0 ], 
          [ 2, 0, 0, 2, 4, 2 ], [ 2, 0, 2, 0, 2, 4 ] ],
      TheQuadFunction := [ [ 20, -9, -7, -7, -7, -6, -6 ], [ -9, 6, 2, 2, 2, 2, 2 ], [ -7, 2, 6, 2, 2, 0, 0 ], 
          [ -7, 2, 2, 6, 0, 0, 2 ], [ -7, 2, 2, 0, 6, 2, 0 ], [ -6, 2, 0, 0, 2, 4, 2 ], [ -6, 2, 0, 2, 0, 2, 4 ] ],
      TheStab := rec(
          GRPperm := Group( [ ( 1, 2)( 6, 7)( 9,10)(11,12)(17,18)(19,20), ( 2, 3)( 5, 6)( 8, 9)(12,13)(16,17)(20,21),
              ( 5, 8)( 6, 9)( 7,10)(14,15)(22,23) ] ),
          TheMatrGRP := 
           Group(
            [ [ [ 1, 0, 0, 0, 0, 0, 0 ], [ 0, 1, 0, 0, 0, 0, 0 ], [ 0, 0, 1, 0, 0, 0, 0 ], [ 0, 0, 0, 1, 0, 1, -1 ], 
                  [ 0, 0, 0, 0, 1, -1, 1 ], [ 0, 0, 0, 0, 0, 0, 1 ], [ 0, 0, 0, 0, 0, 1, 0 ] ], 
              [ [ 1, 0, 0, 0, 0, 3, 0 ], [ 0, 1, 0, 0, 0, -1, 0 ], [ 0, 0, 1, 0, 0, 0, 0 ], [ 0, 0, 0, 1, 0, 0, 0 ], 
                  [ 0, 0, 0, 0, 1, -1, 0 ], [ 0, 0, 0, 0, 0, -1, 0 ], [ 0, 0, 0, 0, 0, -1, 1 ] ], 
              [ [ 1, 0, 0, 0, 0, 0, 0 ], [ 0, 1, 0, 0, 0, 0, 0 ], [ 0, 0, 1, 0, 0, 0, 0 ], [ 0, 0, 0, 0, 1, -1, 1 ], 
                  [ 0, 0, 0, 1, 0, 1, -1 ], [ 0, 0, 0, 0, 0, 1, 0 ], [ 0, 0, 0, 0, 0, 0, 1 ] ] ]),
          phi := GroupHomomorphismByImages( Group( [ ( 1, 2)( 6, 7)( 9,10)(11,12)(17,18)(19,20), 
              ( 2, 3)( 5, 6)( 8, 9)(12,13)(16,17)(20,21), ( 5, 8)( 6, 9)( 7,10)(14,15)(22,23) ] ), Group(
            [ [ [ 1, 0, 0, 0, 0, 0, 0 ], [ 0, 1, 0, 0, 0, 0, 0 ], [ 0, 0, 1, 0, 0, 0, 0 ], [ 0, 0, 0, 1, 0, 1, -1 ], 
                  [ 0, 0, 0, 0, 1, -1, 1 ], [ 0, 0, 0, 0, 0, 0, 1 ], [ 0, 0, 0, 0, 0, 1, 0 ] ], 
              [ [ 1, 0, 0, 0, 0, 3, 0 ], [ 0, 1, 0, 0, 0, -1, 0 ], [ 0, 0, 1, 0, 0, 0, 0 ], [ 0, 0, 0, 1, 0, 0, 0 ], 
                  [ 0, 0, 0, 0, 1, -1, 0 ], [ 0, 0, 0, 0, 0, -1, 0 ], [ 0, 0, 0, 0, 0, -1, 1 ] ], 
              [ [ 1, 0, 0, 0, 0, 0, 0 ], [ 0, 1, 0, 0, 0, 0, 0 ], [ 0, 0, 1, 0, 0, 0, 0 ], [ 0, 0, 0, 0, 1, -1, 1 ], 
                  [ 0, 0, 0, 1, 0, 1, -1 ], [ 0, 0, 0, 0, 0, 1, 0 ], [ 0, 0, 0, 0, 0, 0, 1 ] ] ]), 
            [ ( 1, 2)( 6, 7)( 9,10)(11,12)(17,18)(19,20), ( 2, 3)( 5, 6)( 8, 9)(12,13)(16,17)(20,21), 
              ( 5, 8)( 6, 9)( 7,10)(14,15)(22,23) ], 
            [ [ [ 1, 0, 0, 0, 0, 0, 0 ], [ 0, 1, 0, 0, 0, 0, 0 ], [ 0, 0, 1, 0, 0, 0, 0 ], [ 0, 0, 0, 1, 0, 1, -1 ], 
                  [ 0, 0, 0, 0, 1, -1, 1 ], [ 0, 0, 0, 0, 0, 0, 1 ], [ 0, 0, 0, 0, 0, 1, 0 ] ], 
              [ [ 1, 0, 0, 0, 0, 3, 0 ], [ 0, 1, 0, 0, 0, -1, 0 ], [ 0, 0, 1, 0, 0, 0, 0 ], [ 0, 0, 0, 1, 0, 0, 0 ], 
                  [ 0, 0, 0, 0, 1, -1, 0 ], [ 0, 0, 0, 0, 0, -1, 0 ], [ 0, 0, 0, 0, 0, -1, 1 ] ], 
              [ [ 1, 0, 0, 0, 0, 0, 0 ], [ 0, 1, 0, 0, 0, 0, 0 ], [ 0, 0, 1, 0, 0, 0, 0 ], [ 0, 0, 0, 0, 1, -1, 1 ], 
                  [ 0, 0, 0, 1, 0, 1, -1 ], [ 0, 0, 0, 0, 0, 1, 0 ], [ 0, 0, 0, 0, 0, 0, 1 ] ] ] ) ),
      VectSpace := [  ],
      n := 6 ), rec(
      EXT := [ [ 1, 0, 0, 1, 0, 1, 1 ], [ 1, 0, 0, 1, 0, 2, 1 ], [ 1, 0, 0, 1, 1, 1, 0 ], [ 1, 0, 0, 1, 1, 1, 1 ], 
          [ 1, 0, 1, 0, 0, 1, 1 ], [ 1, 0, 1, 0, 0, 1, 2 ], [ 1, 0, 1, 0, 1, 0, 1 ], [ 1, 0, 1, 0, 1, 1, 1 ], 
          [ 1, 0, 1, 1, 0, 1, 1 ], [ 1, 0, 1, 1, 1, 0, 0 ], [ 1, 0, 1, 1, 1, 1, 0 ], [ 1, 0, 1, 1, 1, 0, 1 ], 
          [ 1, 0, 1, 1, 1, 1, 1 ], [ 1, 1, 0, 0, 0, 1, 1 ], [ 1, 1, 0, 1, 0, 1, 0 ], [ 1, 1, 0, 1, 0, 1, 1 ], 
          [ 1, 1, 0, 1, 1, 0, 0 ], [ 1, 1, 0, 1, 1, 1, 0 ], [ 1, 1, 1, 0, 0, 0, 1 ], [ 1, 1, 1, 0, 0, 1, 1 ], 
          [ 1, 1, 1, 0, 1, 0, 0 ], [ 1, 1, 1, 0, 1, 0, 1 ], [ 1, 1, 1, 1, 1, 0, 0 ] ],
      ListAdjacentVert := [ [ 1, -1, 1, 1, 1, 1, 1 ], [ 1, 0, 1, 1, 2, 0, 0 ], [ 1, 0, -1, 1, 0, 2, 1 ], 
          [ 1, 0, 1, -1, 0, 1, 2 ], [ 1, 1, -1, 1, 1, 1, 0 ], [ 1, 1, 1, -1, 1, 0, 1 ], [ 1, 0, 0, 0, -1, 2, 2 ], 
          [ 1, 2, 0, 0, 1, 0, 0 ], [ 1, 0, 0, 0, 0, 1, 1 ], [ 1, 0, 0, 0, 0, 1, 2 ], [ 1, 0, 0, 0, 0, 2, 1 ], 
          [ 1, 1, 0, 0, 1, 0, 0 ], [ 1, 0, 0, 0, 0, 2, 2 ], [ 1, 1, 0, 0, 1, 0, 1 ], [ 1, 1, 0, 0, 1, 1, 0 ], 
          [ 1, 1, 0, 0, 1, 1, 1 ], [ 1, 0, 0, 0, 1, 0, 1 ], [ 1, 0, 0, 0, 1, 2, 1 ], [ 1, 0, 0, 0, 1, 1, 0 ], 
          [ 1, 0, 0, 0, 1, 1, 2 ], [ 1, 0, 0, 0, 1, 1, 1 ], [ 1, 0, 0, 1, -1, 2, 1 ], [ 1, 0, 0, 1, -1, 2, 2 ], 
          [ 1, 0, 1, 0, -1, 1, 2 ], [ 1, 2, 0, 1, 1, 0, -1 ], [ 1, 0, 1, 0, -1, 2, 2 ], [ 1, 2, 0, 1, 1, 0, 0 ], 
          [ 1, 2, 1, 0, 1, -1, 0 ], [ 1, 2, 1, 0, 1, 0, 0 ], [ 1, 0, 0, 1, 0, 0, 1 ], [ 1, 0, 0, 1, 0, 3, 1 ], 
          [ 1, 0, 1, 0, 0, 1, 0 ], [ 1, 1, 0, 1, 1, -1, 0 ], [ 1, 0, 1, 0, 0, 1, 3 ], [ 1, 1, 0, 1, 1, 2, 0 ], 
          [ 1, 1, 1, 0, 1, 0, -1 ], [ 1, 1, 1, 0, 1, 0, 2 ], [ 1, 0, 0, 1, 0, 1, 0 ], [ 1, 0, 0, 1, 0, 1, 2 ], 
          [ 1, 0, 0, 1, 0, 2, 0 ], [ 1, 0, 1, 0, 0, 0, 1 ], [ 1, 1, 0, 1, 1, 0, -1 ], [ 1, 0, 0, 1, 0, 2, 2 ], 
          [ 1, 0, 1, 0, 0, 2, 1 ], [ 1, 1, 0, 1, 1, 0, 1 ], [ 1, 0, 1, 0, 0, 0, 2 ], [ 1, 1, 0, 1, 1, 1, -1 ], 
          [ 1, 1, 1, 0, 1, -1, 0 ], [ 1, 0, 1, 0, 0, 2, 2 ], [ 1, 1, 0, 1, 1, 1, 1 ], [ 1, 1, 1, 0, 1, 1, 0 ], 
          [ 1, 1, 1, 0, 1, -1, 1 ], [ 1, 1, 1, 0, 1, 1, 1 ], [ 1, 0, 0, 1, 1, 0, 0 ], [ 1, 0, 0, 1, 1, 0, 1 ], 
          [ 1, 0, 0, 1, 1, 2, 0 ], [ 1, 0, 1, 0, 1, 0, 0 ], [ 1, 0, 0, 1, 1, 2, 1 ], [ 1, 0, 1, 0, 1, 1, 0 ], 
          [ 1, 0, 1, 0, 1, 0, 2 ], [ 1, 0, 1, 0, 1, 1, 2 ], [ 1, 0, 0, 2, 1, 1, 0 ], [ 1, 0, 2, 0, 1, 0, 1 ], 
          [ 1, 0, 1, 0, 1, -1, 1 ], [ 1, 0, 1, 0, 1, 2, 1 ], [ 1, 0, 0, 1, 1, 1, -1 ], [ 1, 0, 0, 1, 1, 1, 2 ], 
          [ 1, 0, 1, 1, 0, 0, 0 ], [ 1, 0, 1, 1, 0, 0, 2 ], [ 1, 0, 1, 1, 0, 2, 0 ], [ 1, 1, 1, 1, 1, -1, -1 ], 
          [ 1, 0, 1, 1, 0, 2, 2 ], [ 1, 1, 1, 1, 1, -1, 1 ], [ 1, 1, 1, 1, 1, 1, -1 ], [ 1, 1, 1, 1, 1, 1, 1 ], 
          [ 1, 0, 1, 1, 0, 0, 1 ], [ 1, 0, 1, 1, 0, 2, 1 ], [ 1, 0, 1, 1, 0, 1, 0 ], [ 1, 1, 1, 1, 1, -1, 0 ], 
          [ 1, 0, 1, 1, 0, 1, 2 ], [ 1, 1, 1, 1, 1, 1, 0 ], [ 1, 1, 1, 1, 1, 0, -1 ], [ 1, 1, 1, 1, 1, 0, 1 ], 
          [ 1, 0, 1, 1, 1, -1, 0 ], [ 1, 0, 1, 1, 1, -1, 1 ], [ 1, 0, 1, 1, 1, 2, 0 ], [ 1, 0, 1, 1, 1, 0, -1 ], 
          [ 1, 0, 1, 1, 1, 2, 1 ], [ 1, 0, 1, 1, 1, 1, -1 ], [ 1, 0, 1, 1, 1, 0, 2 ], [ 1, 0, 1, 1, 1, 1, 2 ], 
          [ 1, 1, -1, 1, 0, 1, 0 ], [ 1, 1, -1, 1, 0, 1, 1 ], [ 1, 1, -1, 1, 0, 2, 0 ], [ 1, 1, 1, -1, 0, 0, 1 ], 
          [ 1, 1, -1, 1, 0, 2, 1 ], [ 1, 1, 1, -1, 0, 1, 1 ], [ 1, 1, 1, -1, 0, 0, 2 ], [ 1, 1, 1, -1, 0, 1, 2 ], 
          [ 1, 1, 0, 0, -1, 1, 1 ], [ 1, 1, 0, 0, -1, 1, 2 ], [ 1, 1, 0, 0, -1, 2, 1 ], [ 1, 2, 0, 0, 0, 0, 0 ], 
          [ 1, 1, 0, 0, -1, 2, 2 ], [ 1, 2, 0, 0, 0, 0, 1 ], [ 1, 2, 0, 0, 0, 1, 0 ], [ 1, 2, 0, 0, 0, 1, 1 ], 
          [ 1, 1, 0, 0, 0, 0, 0 ], [ 1, 1, 0, 0, 0, 0, 2 ], [ 1, 1, 0, 0, 0, 2, 0 ], [ 1, 1, 0, 0, 0, 2, 2 ], 
          [ 1, 1, 0, 0, 0, 0, 1 ], [ 1, 1, 0, 0, 0, 2, 1 ], [ 1, 1, 0, 0, 0, 1, 0 ], [ 1, 1, 0, 0, 0, 1, 2 ], 
          [ 1, 1, 0, 1, -1, 1, 1 ], [ 1, 1, 0, 1, -1, 2, 1 ], [ 1, 1, 1, 0, -1, 1, 1 ], [ 1, 2, 0, 1, 0, 0, 0 ], 
          [ 1, 1, 1, 0, -1, 1, 2 ], [ 1, 2, 0, 1, 0, 1, 0 ], [ 1, 2, 1, 0, 0, 0, 0 ], [ 1, 2, 1, 0, 0, 0, 1 ], 
          [ 1, 1, 0, 1, 0, 0, 0 ], [ 1, 1, 0, 1, 0, 0, 1 ], [ 1, 1, 0, 1, 0, 2, 0 ], [ 1, 1, 1, 0, 0, 0, 0 ], 
          [ 1, 1, 0, 1, 0, 2, 1 ], [ 1, 1, 1, 0, 0, 1, 0 ], [ 1, 1, 1, 0, 0, 0, 2 ], [ 1, 1, 1, 0, 0, 1, 2 ], 
          [ 1, 1, 1, 0, 0, -1, 1 ], [ 1, 1, 1, 0, 0, 2, 1 ], [ 1, 1, 0, 1, 0, 1, -1 ], [ 1, 1, 0, 1, 0, 1, 2 ], 
          [ 1, 1, 1, 1, 0, 0, 0 ], [ 1, 1, 1, 1, 0, 0, 1 ], [ 1, 1, 1, 1, 0, 1, 0 ], [ 1, 1, 1, 1, 0, 1, 1 ], 
          [ 1, 0, 0, 1, 0, 1, 1 ], [ 1, 0, 0, 1, 0, 2, 1 ], [ 1, 0, 0, 1, 1, 1, 0 ], [ 1, 0, 0, 1, 1, 1, 1 ], 
          [ 1, 0, 1, 0, 0, 1, 1 ], [ 1, 0, 1, 0, 0, 1, 2 ], [ 1, 0, 1, 0, 1, 0, 1 ], [ 1, 0, 1, 0, 1, 1, 1 ], 
          [ 1, 0, 1, 1, 0, 1, 1 ], [ 1, 0, 1, 1, 1, 0, 0 ], [ 1, 0, 1, 1, 1, 1, 0 ], [ 1, 0, 1, 1, 1, 0, 1 ], 
          [ 1, 0, 1, 1, 1, 1, 1 ], [ 1, 1, 0, 0, 0, 1, 1 ], [ 1, 1, 0, 1, 0, 1, 0 ], [ 1, 1, 0, 1, 0, 1, 1 ], 
          [ 1, 1, 0, 1, 1, 0, 0 ], [ 1, 1, 0, 1, 1, 1, 0 ], [ 1, 1, 1, 0, 0, 0, 1 ], [ 1, 1, 1, 0, 0, 1, 1 ], 
          [ 1, 1, 1, 0, 1, 0, 0 ], [ 1, 1, 1, 0, 1, 0, 1 ], [ 1, 1, 1, 1, 1, 0, 0 ] ],
      TheQuadForm := [ [ 6, 2, 2, 2, 2, 2 ], [ 2, 6, 2, 0, 2, 0 ], [ 2, 2, 6, 0, 0, 2 ], [ 2, 0, 0, 6, 2, 2 ], 
          [ 2, 2, 0, 2, 4, 0 ], [ 2, 0, 2, 2, 0, 4 ] ],
      TheQuadFunction := [ [ 20, -9, -7, -7, -7, -6, -6 ], [ -9, 6, 2, 2, 2, 2, 2 ], [ -7, 2, 6, 2, 0, 2, 0 ], 
          [ -7, 2, 2, 6, 0, 0, 2 ], [ -7, 2, 0, 0, 6, 2, 2 ], [ -6, 2, 2, 0, 2, 4, 0 ], [ -6, 2, 0, 2, 2, 0, 4 ] ],
      TheStab := rec(
          GRPperm := Group( [ ( 3, 4)( 5, 6)(10,12)(11,13)(15,16)(21,22), ( 1, 2)( 7, 8)(10,11)(12,13)(17,18)(19,20),
              ( 1, 5)( 2, 6)( 3, 7)( 4, 8)(11,12)(15,19)(16,20)(17,21)(18,22), ( 1,17)( 2,18)( 5,21)( 6,22)( 9,23) 
             ] ),
          TheMatrGRP := 
           Group(
            [ [ [ 1, 0, 0, 0, 0, 0, 3 ], [ 0, 1, 0, 0, 0, 0, -1 ], [ 0, 0, 1, 0, 0, 0, 0 ], [ 0, 0, 0, 1, 0, 0, -1 ],
                  [ 0, 0, 0, 0, 1, 0, -1 ], [ 0, 0, 0, 0, 0, 1, 0 ], [ 0, 0, 0, 0, 0, 0, -1 ] ], 
              [ [ 1, 0, 0, 0, 0, 3, 0 ], [ 0, 1, 0, 0, 0, -1, 0 ], [ 0, 0, 1, 0, 0, -1, 0 ], [ 0, 0, 0, 1, 0, 0, 0 ],
                  [ 0, 0, 0, 0, 1, -1, 0 ], [ 0, 0, 0, 0, 0, -1, 0 ], [ 0, 0, 0, 0, 0, 0, 1 ] ], 
              [ [ 1, 0, 0, 0, 0, 0, 0 ], [ 0, 1, 0, 0, 0, 0, 0 ], [ 0, 0, 0, 1, 0, 0, 0 ], [ 0, 0, 1, 0, 0, 0, 0 ], 
                  [ 0, 0, 0, 0, 1, 0, 0 ], [ 0, 0, 0, 0, 0, 0, 1 ], [ 0, 0, 0, 0, 0, 1, 0 ] ], 
              [ [ 1, 1, 0, 0, 1, -1, -1 ], [ 0, 0, 0, 0, -1, 1, 1 ], [ 0, 0, 1, 0, 0, 0, 0 ], 
                  [ 0, 0, 0, 1, 0, 0, 0 ], [ 0, -1, 0, 0, 0, 1, 1 ], [ 0, 0, 0, 0, 0, 1, 0 ], 
                  [ 0, 0, 0, 0, 0, 0, 1 ] ] ]),
          phi := GroupHomomorphismByImages( Group( [ ( 3, 4)( 5, 6)(10,12)(11,13)(15,16)(21,22), 
              ( 1, 2)( 7, 8)(10,11)(12,13)(17,18)(19,20), ( 1, 5)( 2, 6)( 3, 7)( 4, 8)(11,12)(15,19)(16,20)(17,21)
                (18,22), ( 1,17)( 2,18)( 5,21)( 6,22)( 9,23) ] ), Group(
            [ [ [ 1, 0, 0, 0, 0, 0, 3 ], [ 0, 1, 0, 0, 0, 0, -1 ], [ 0, 0, 1, 0, 0, 0, 0 ], [ 0, 0, 0, 1, 0, 0, -1 ],
                  [ 0, 0, 0, 0, 1, 0, -1 ], [ 0, 0, 0, 0, 0, 1, 0 ], [ 0, 0, 0, 0, 0, 0, -1 ] ], 
              [ [ 1, 0, 0, 0, 0, 3, 0 ], [ 0, 1, 0, 0, 0, -1, 0 ], [ 0, 0, 1, 0, 0, -1, 0 ], [ 0, 0, 0, 1, 0, 0, 0 ],
                  [ 0, 0, 0, 0, 1, -1, 0 ], [ 0, 0, 0, 0, 0, -1, 0 ], [ 0, 0, 0, 0, 0, 0, 1 ] ], 
              [ [ 1, 0, 0, 0, 0, 0, 0 ], [ 0, 1, 0, 0, 0, 0, 0 ], [ 0, 0, 0, 1, 0, 0, 0 ], [ 0, 0, 1, 0, 0, 0, 0 ], 
                  [ 0, 0, 0, 0, 1, 0, 0 ], [ 0, 0, 0, 0, 0, 0, 1 ], [ 0, 0, 0, 0, 0, 1, 0 ] ], 
              [ [ 1, 1, 0, 0, 1, -1, -1 ], [ 0, 0, 0, 0, -1, 1, 1 ], [ 0, 0, 1, 0, 0, 0, 0 ], 
                  [ 0, 0, 0, 1, 0, 0, 0 ], [ 0, -1, 0, 0, 0, 1, 1 ], [ 0, 0, 0, 0, 0, 1, 0 ], 
                  [ 0, 0, 0, 0, 0, 0, 1 ] ] ]), [ ( 3, 4)( 5, 6)(10,12)(11,13)(15,16)(21,22), 
              ( 1, 2)( 7, 8)(10,11)(12,13)(17,18)(19,20), ( 1, 5)( 2, 6)( 3, 7)( 4, 8)(11,12)(15,19)(16,20)(17,21)
                (18,22), ( 1,17)( 2,18)( 5,21)( 6,22)( 9,23) ], 
            [ [ [ 1, 0, 0, 0, 0, 0, 3 ], [ 0, 1, 0, 0, 0, 0, -1 ], [ 0, 0, 1, 0, 0, 0, 0 ], [ 0, 0, 0, 1, 0, 0, -1 ],
                  [ 0, 0, 0, 0, 1, 0, -1 ], [ 0, 0, 0, 0, 0, 1, 0 ], [ 0, 0, 0, 0, 0, 0, -1 ] ], 
              [ [ 1, 0, 0, 0, 0, 3, 0 ], [ 0, 1, 0, 0, 0, -1, 0 ], [ 0, 0, 1, 0, 0, -1, 0 ], [ 0, 0, 0, 1, 0, 0, 0 ],
                  [ 0, 0, 0, 0, 1, -1, 0 ], [ 0, 0, 0, 0, 0, -1, 0 ], [ 0, 0, 0, 0, 0, 0, 1 ] ], 
              [ [ 1, 0, 0, 0, 0, 0, 0 ], [ 0, 1, 0, 0, 0, 0, 0 ], [ 0, 0, 0, 1, 0, 0, 0 ], [ 0, 0, 1, 0, 0, 0, 0 ], 
                  [ 0, 0, 0, 0, 1, 0, 0 ], [ 0, 0, 0, 0, 0, 0, 1 ], [ 0, 0, 0, 0, 0, 1, 0 ] ], 
              [ [ 1, 1, 0, 0, 1, -1, -1 ], [ 0, 0, 0, 0, -1, 1, 1 ], [ 0, 0, 1, 0, 0, 0, 0 ], 
                  [ 0, 0, 0, 1, 0, 0, 0 ], [ 0, -1, 0, 0, 0, 1, 1 ], [ 0, 0, 0, 0, 0, 1, 0 ], 
                  [ 0, 0, 0, 0, 0, 0, 1 ] ] ] ) ),
      VectSpace := [  ],
      n := 6 ), rec(
      EXT := [ [ 1, 0, 0, 1, 0, 1, 2 ], [ 1, 0, 1, 1, 0, 0, 1 ], [ 1, 0, 1, 1, 0, 1, 1 ], [ 1, 0, 1, 1, 0, 1, 2 ], 
          [ 1, 0, 1, 0, 1, 1, 1 ], [ 1, 0, 1, 1, 1, 0, 0 ], [ 1, 0, 1, 1, 1, 0, 1 ], [ 1, 0, 1, 1, 1, 1, 1 ], 
          [ 1, 1, 0, 0, 0, 1, 1 ], [ 1, 1, 0, 1, 0, 0, 0 ], [ 1, 1, 0, 1, 0, 0, 1 ], [ 1, 1, 0, 1, 0, 1, 1 ], 
          [ 1, 1, 0, 0, 1, 0, 0 ], [ 1, 1, 0, 0, 1, 1, 0 ], [ 1, 1, 0, 0, 1, 1, 1 ], [ 1, 1, 0, 1, 1, 0, 0 ], 
          [ 1, 1, 1, 1, 0, 0, 0 ], [ 1, 1, 1, 0, 1, 0, -1 ], [ 1, 1, 1, 0, 1, 0, 0 ], [ 1, 1, 1, 0, 1, 1, 0 ], 
          [ 1, 1, 1, 1, 1, -1, -1 ], [ 1, 1, 1, 1, 1, 0, -1 ], [ 1, 1, 1, 1, 1, 0, 0 ] ],
      ListAdjacentVert := [ [ 1, -1, 1, 1, 0, 1, 2 ], [ 1, -1, 1, 1, 0, 1, 3 ], [ 1, 1, 0, -1, 1, 1, 0 ], 
          [ 1, -1, 1, 1, 0, 2, 3 ], [ 1, 1, 0, -1, 1, 1, 1 ], [ 1, 1, 0, -1, 1, 2, 1 ], [ 1, -1, 1, 1, 1, 1, 2 ], 
          [ 1, 1, 1, -1, 1, 1, 0 ], [ 1, 0, 0, 0, 0, 1, 1 ], [ 1, 0, 0, 0, 0, 1, 3 ], [ 1, 0, 0, 0, 0, 3, 3 ], 
          [ 1, 0, 0, 0, 0, 1, 2 ], [ 1, 0, 0, 0, 0, 2, 2 ], [ 1, 0, 0, 0, 0, 2, 3 ], [ 1, 0, 0, 0, 1, 0, 1 ], 
          [ 1, 0, 0, 0, 1, 2, 1 ], [ 1, 0, 1, 0, 0, 0, 1 ], [ 1, 0, 0, 0, 1, 2, 3 ], [ 1, 0, 1, 0, 0, 2, 1 ], 
          [ 1, 0, 1, 0, 0, 2, 3 ], [ 1, 0, 0, 0, 1, 1, 1 ], [ 1, 0, 0, 0, 1, 1, 2 ], [ 1, 0, 1, 0, 0, 1, 1 ], 
          [ 1, 0, 0, 0, 1, 2, 2 ], [ 1, 0, 1, 0, 0, 1, 2 ], [ 1, 0, 1, 0, 0, 2, 2 ], [ 1, 0, 0, 1, 0, 0, 1 ], 
          [ 1, 0, 0, 1, 0, 1, 1 ], [ 1, 0, 0, 1, 0, 0, 2 ], [ 1, 1, 0, 0, 0, 0, 0 ], [ 1, 0, 0, 1, 0, 1, 3 ], 
          [ 1, 1, 0, 0, 0, 1, 0 ], [ 1, 0, 0, 1, 0, 2, 2 ], [ 1, 1, 0, 0, 0, 0, 1 ], [ 1, 0, 0, 1, 0, 2, 3 ], 
          [ 1, 1, 0, 0, 0, 1, 2 ], [ 1, 1, 0, 0, 0, 2, 1 ], [ 1, 1, 0, 0, 0, 2, 2 ], [ 1, 0, 0, 1, 1, 0, 0 ], 
          [ 1, 0, 0, 1, 1, 0, 2 ], [ 1, 1, 1, 0, 0, 0, -1 ], [ 1, 0, 0, 1, 1, 2, 2 ], [ 1, 1, 1, 0, 0, 0, 1 ], 
          [ 1, 1, 1, 0, 0, 2, 1 ], [ 1, 0, 0, 1, 1, 0, 1 ], [ 1, 0, 0, 1, 1, 1, 1 ], [ 1, 1, 1, 0, 0, 0, 0 ], 
          [ 1, 0, 0, 1, 1, 1, 2 ], [ 1, 1, 1, 0, 0, 1, 0 ], [ 1, 1, 1, 0, 0, 1, 1 ], [ 1, 0, 1, 0, 1, 0, 0 ], 
          [ 1, 0, 1, 0, 1, 1, 0 ], [ 1, 0, 1, 0, 1, 0, 1 ], [ 1, 0, 1, 0, 1, 1, 2 ], [ 1, 0, 1, 0, 1, 2, 1 ], 
          [ 1, 0, 1, 0, 1, 2, 2 ], [ 1, 0, 1, 1, 0, -1, 0 ], [ 1, 0, 1, 1, 0, 1, 0 ], [ 1, 0, 1, 1, 0, -1, 1 ], 
          [ 1, 1, 0, 0, 1, -1, -1 ], [ 1, 0, 1, 1, 0, 1, 3 ], [ 1, 1, 0, 0, 1, 1, -1 ], [ 1, 0, 1, 1, 0, 2, 1 ], 
          [ 1, 1, 0, 0, 1, -1, 0 ], [ 1, 0, 1, 1, 0, 2, 3 ], [ 1, 1, 0, 0, 1, 1, 2 ], [ 1, 1, 0, 0, 1, 2, 0 ], 
          [ 1, 1, 0, 0, 1, 2, 2 ], [ 1, 0, 1, 1, 0, 0, 0 ], [ 1, 0, 1, 1, 0, 0, 2 ], [ 1, 1, 0, 0, 1, 0, -1 ], 
          [ 1, 0, 1, 1, 0, 2, 2 ], [ 1, 1, 0, 0, 1, 0, 1 ], [ 1, 1, 0, 0, 1, 2, 1 ], [ 1, 0, 1, 1, 1, -1, -1 ], 
          [ 1, 0, 1, 1, 1, 0, -1 ], [ 1, 0, 1, 1, 1, -1, 1 ], [ 1, 1, 1, 0, 1, -1, -2 ], [ 1, 0, 1, 1, 1, 0, 2 ], 
          [ 1, 1, 1, 0, 1, 0, -2 ], [ 1, 0, 1, 1, 1, 2, 1 ], [ 1, 1, 1, 0, 1, -1, 0 ], [ 1, 0, 1, 1, 1, 2, 2 ], 
          [ 1, 1, 1, 0, 1, 0, 1 ], [ 1, 1, 1, 0, 1, 2, 0 ], [ 1, 1, 1, 0, 1, 2, 1 ], [ 1, 0, 1, 1, 1, -1, 0 ], 
          [ 1, 0, 1, 1, 1, 1, 0 ], [ 1, 1, 1, 0, 1, -1, -1 ], [ 1, 0, 1, 1, 1, 1, 2 ], [ 1, 1, 1, 0, 1, 1, -1 ], 
          [ 1, 1, 1, 0, 1, 1, 1 ], [ 1, 0, 1, 2, 0, 0, 1 ], [ 1, 2, 0, 0, 1, 0, -1 ], [ 1, 1, -1, 0, 0, 1, 1 ], 
          [ 1, 1, -1, 0, 0, 1, 2 ], [ 1, 0, 0, 1, -1, 1, 2 ], [ 1, 1, -1, 0, 0, 2, 2 ], [ 1, 0, 0, 1, -1, 1, 3 ], 
          [ 1, 0, 0, 1, -1, 2, 3 ], [ 1, 1, -1, 0, 1, 1, 1 ], [ 1, 0, 1, 1, -1, 1, 2 ], [ 1, 1, -1, 1, 0, 0, 1 ], 
          [ 1, 1, -1, 1, 0, 1, 1 ], [ 1, 1, 0, 1, -1, 0, 1 ], [ 1, 1, -1, 1, 0, 1, 2 ], [ 1, 1, 0, 1, -1, 1, 1 ], 
          [ 1, 1, 0, 1, -1, 1, 2 ], [ 1, 1, 0, 1, 0, -1, -1 ], [ 1, 1, 0, 1, 0, 0, -1 ], [ 1, 1, 0, 1, 0, -1, 1 ], 
          [ 1, 1, 0, 1, 0, 0, 2 ], [ 1, 1, 0, 1, 0, 2, 1 ], [ 1, 1, 0, 1, 0, 2, 2 ], [ 1, 1, 0, 1, 0, -1, 0 ], 
          [ 1, 1, 0, 1, 0, 1, 0 ], [ 1, 1, 0, 1, 0, 1, 2 ], [ 1, 1, 0, 1, 1, -1, -1 ], [ 1, 1, 0, 1, 1, 0, -1 ], 
          [ 1, 1, 0, 1, 1, -1, 0 ], [ 1, 1, 1, 1, 0, -1, -1 ], [ 1, 1, 0, 1, 1, 0, 1 ], [ 1, 1, 1, 1, 0, 0, -1 ], 
          [ 1, 1, 0, 1, 1, 1, 0 ], [ 1, 1, 1, 1, 0, -1, 0 ], [ 1, 1, 0, 1, 1, 1, 1 ], [ 1, 1, 1, 1, 0, 0, 1 ], 
          [ 1, 1, 1, 1, 0, 1, 0 ], [ 1, 1, 1, 1, 0, 1, 1 ], [ 1, 1, 1, 0, 2, 0, -1 ], [ 1, 0, 2, 1, 1, 0, 0 ], 
          [ 1, 1, 1, 1, 1, -2, -2 ], [ 1, 1, 1, 1, 1, 0, -2 ], [ 1, 1, 1, 1, 1, -2, -1 ], [ 1, 1, 1, 1, 1, 0, 1 ], 
          [ 1, 1, 1, 1, 1, 1, -1 ], [ 1, 1, 1, 1, 1, 1, 1 ], [ 1, 1, 1, 1, 1, -1, -2 ], [ 1, 1, 1, 1, 1, -1, 0 ], 
          [ 1, 1, 1, 1, 1, 1, 0 ], [ 1, 0, 0, 1, 0, 1, 2 ], [ 1, 0, 1, 1, 0, 0, 1 ], [ 1, 0, 1, 1, 0, 1, 1 ], 
          [ 1, 0, 1, 1, 0, 1, 2 ], [ 1, 0, 1, 0, 1, 1, 1 ], [ 1, 0, 1, 1, 1, 0, 0 ], [ 1, 0, 1, 1, 1, 0, 1 ], 
          [ 1, 0, 1, 1, 1, 1, 1 ], [ 1, 1, 0, 0, 0, 1, 1 ], [ 1, 1, 0, 1, 0, 0, 0 ], [ 1, 1, 0, 1, 0, 0, 1 ], 
          [ 1, 1, 0, 1, 0, 1, 1 ], [ 1, 1, 0, 0, 1, 0, 0 ], [ 1, 1, 0, 0, 1, 1, 0 ], [ 1, 1, 0, 0, 1, 1, 1 ], 
          [ 1, 1, 0, 1, 1, 0, 0 ], [ 1, 1, 1, 1, 0, 0, 0 ], [ 1, 1, 1, 0, 1, 0, -1 ], [ 1, 1, 1, 0, 1, 0, 0 ], 
          [ 1, 1, 1, 0, 1, 1, 0 ], [ 1, 1, 1, 1, 1, -1, -1 ], [ 1, 1, 1, 1, 1, 0, -1 ], [ 1, 1, 1, 1, 1, 0, 0 ] ],
      TheQuadForm := [ [ 10, 4, 2, 2, 0, 4 ], [ 4, 6, 0, 0, 0, 2 ], [ 2, 0, 6, 2, 2, 0 ], [ 2, 0, 2, 6, 0, 2 ], 
          [ 0, 0, 2, 0, 4, -2 ], [ 4, 2, 0, 2, -2, 4 ] ],
      TheQuadFunction := [ [ 20, -13, -7, -7, -7, -2, -6 ], [ -13, 10, 4, 2, 2, 0, 4 ], [ -7, 4, 6, 0, 0, 0, 2 ], 
          [ -7, 2, 0, 6, 2, 2, 0 ], [ -7, 2, 0, 2, 6, 0, 2 ], [ -2, 0, 0, 2, 0, 4, -2 ], [ -6, 4, 2, 0, 2, -2, 4 ] ],
      TheStab := rec(
          GRPperm := Group( [ ( 3, 4)( 6, 7)(10,11)(14,15)(18,19)(22,23), ( 2, 3)( 7, 8)(11,12)(13,14)(19,20)(21,22),
              ( 1, 9)( 2,13)( 3,14)( 4,15)( 6,18)( 7,19)( 8,20)(16,17) ] ),
          TheMatrGRP := 
           Group(
            [ [ [ 1, 0, 0, 0, 0, 0, 3 ], [ 0, 1, 0, 0, 0, 0, -2 ], [ 0, 0, 1, 0, 0, 0, -1 ], [ 0, 0, 0, 1, 0, 0, 0 ],
                  [ 0, 0, 0, 0, 1, 0, -1 ], [ 0, 0, 0, 0, 0, 1, 1 ], [ 0, 0, 0, 0, 0, 0, -1 ] ], 
              [ [ 1, 0, 0, 0, 0, 1, 0 ], [ 0, 1, 0, 0, 0, 0, 0 ], [ 0, 0, 1, 0, 0, 0, 0 ], [ 0, 0, 0, 1, 0, -1, 0 ], 
                  [ 0, 0, 0, 0, 1, 0, 0 ], [ 0, 0, 0, 0, 0, -1, 0 ], [ 0, 0, 0, 0, 0, 1, 1 ] ], 
              [ [ 1, 0, 0, 0, 0, 0, 0 ], [ 0, 0, 0, 1, 0, 0, 1 ], [ 0, 0, 0, 0, 1, 0, 0 ], [ 0, 1, 0, 0, 0, 0, -1 ], 
                  [ 0, 0, 1, 0, 0, 0, 0 ], [ 0, 0, 0, 0, 0, 1, 0 ], [ 0, 0, 0, 0, 0, 0, 1 ] ] ]),
          phi := GroupHomomorphismByImages( Group( [ ( 3, 4)( 6, 7)(10,11)(14,15)(18,19)(22,23), 
              ( 2, 3)( 7, 8)(11,12)(13,14)(19,20)(21,22), ( 1, 9)( 2,13)( 3,14)( 4,15)( 6,18)( 7,19)( 8,20)(16,17) 
             ] ), Group(
            [ [ [ 1, 0, 0, 0, 0, 0, 3 ], [ 0, 1, 0, 0, 0, 0, -2 ], [ 0, 0, 1, 0, 0, 0, -1 ], [ 0, 0, 0, 1, 0, 0, 0 ],
                  [ 0, 0, 0, 0, 1, 0, -1 ], [ 0, 0, 0, 0, 0, 1, 1 ], [ 0, 0, 0, 0, 0, 0, -1 ] ], 
              [ [ 1, 0, 0, 0, 0, 1, 0 ], [ 0, 1, 0, 0, 0, 0, 0 ], [ 0, 0, 1, 0, 0, 0, 0 ], [ 0, 0, 0, 1, 0, -1, 0 ], 
                  [ 0, 0, 0, 0, 1, 0, 0 ], [ 0, 0, 0, 0, 0, -1, 0 ], [ 0, 0, 0, 0, 0, 1, 1 ] ], 
              [ [ 1, 0, 0, 0, 0, 0, 0 ], [ 0, 0, 0, 1, 0, 0, 1 ], [ 0, 0, 0, 0, 1, 0, 0 ], [ 0, 1, 0, 0, 0, 0, -1 ], 
                  [ 0, 0, 1, 0, 0, 0, 0 ], [ 0, 0, 0, 0, 0, 1, 0 ], [ 0, 0, 0, 0, 0, 0, 1 ] ] ]), 
            [ ( 3, 4)( 6, 7)(10,11)(14,15)(18,19)(22,23), ( 2, 3)( 7, 8)(11,12)(13,14)(19,20)(21,22), 
              ( 1, 9)( 2,13)( 3,14)( 4,15)( 6,18)( 7,19)( 8,20)(16,17) ], 
            [ [ [ 1, 0, 0, 0, 0, 0, 3 ], [ 0, 1, 0, 0, 0, 0, -2 ], [ 0, 0, 1, 0, 0, 0, -1 ], [ 0, 0, 0, 1, 0, 0, 0 ],
                  [ 0, 0, 0, 0, 1, 0, -1 ], [ 0, 0, 0, 0, 0, 1, 1 ], [ 0, 0, 0, 0, 0, 0, -1 ] ], 
              [ [ 1, 0, 0, 0, 0, 1, 0 ], [ 0, 1, 0, 0, 0, 0, 0 ], [ 0, 0, 1, 0, 0, 0, 0 ], [ 0, 0, 0, 1, 0, -1, 0 ], 
                  [ 0, 0, 0, 0, 1, 0, 0 ], [ 0, 0, 0, 0, 0, -1, 0 ], [ 0, 0, 0, 0, 0, 1, 1 ] ], 
              [ [ 1, 0, 0, 0, 0, 0, 0 ], [ 0, 0, 0, 1, 0, 0, 1 ], [ 0, 0, 0, 0, 1, 0, 0 ], [ 0, 1, 0, 0, 0, 0, -1 ], 
                  [ 0, 0, 1, 0, 0, 0, 0 ], [ 0, 0, 0, 0, 0, 1, 0 ], [ 0, 0, 0, 0, 0, 0, 1 ] ] ] ) ),
      VectSpace := [  ],
      n := 6 ), rec(
      EXT := [ [ 1, 0, 0, 1, 1, 1, 0 ], [ 1, 0, 0, 1, 1, 0, 1 ], [ 1, 0, 0, 1, 1, 1, 1 ], [ 1, 0, 1, 0, 1, 0, 1 ], 
          [ 1, 0, 1, 1, 0, 1, 0 ], [ 1, 0, 1, 1, 1, 0, 0 ], [ 1, 0, 1, 1, 1, 1, 0 ], [ 1, 0, 1, 1, 1, 0, 1 ], 
          [ 1, 1, 0, 0, 1, 0, 1 ], [ 1, 1, 0, 1, 0, 1, 0 ], [ 1, 1, 0, 1, 1, 0, 0 ], [ 1, 1, 0, 1, 1, 1, 0 ], 
          [ 1, 1, 0, 1, 1, 0, 1 ], [ 1, 1, 1, 0, 0, 0, 0 ], [ 1, 1, 1, 0, 0, 1, 0 ], [ 1, 1, 1, 0, 0, 0, 1 ], 
          [ 1, 1, 1, 0, 1, 0, 0 ], [ 1, 1, 1, 0, 1, -1, 1 ], [ 1, 1, 1, 0, 1, 0, 1 ], [ 1, 1, 1, 1, 0, 1, -1 ], 
          [ 1, 1, 1, 1, 0, 0, 0 ], [ 1, 1, 1, 1, 0, 1, 0 ], [ 1, 1, 1, 1, 1, 0, 0 ] ],
      ListAdjacentVert := [ [ 1, -1, 0, 1, 1, 1, 1 ], [ 1, 0, -1, 1, 1, 1, 1 ], [ 1, 1, 1, -1, 0, 0, 1 ], 
          [ 1, 1, 1, 0, -1, 1, 0 ], [ 1, -1, 1, 1, 1, 0, 1 ], [ 1, -1, 1, 1, 1, 1, 0 ], [ 1, -1, 1, 1, 1, 1, 1 ], 
          [ 1, 1, -1, 1, 1, 0, 1 ], [ 1, 1, 1, -1, 1, 0, 1 ], [ 1, 1, -1, 1, 1, 1, 0 ], [ 1, 1, 1, -1, 1, -1, 1 ], 
          [ 1, 1, -1, 1, 1, 1, 1 ], [ 1, 1, 1, -1, 1, -1, 2 ], [ 1, 1, 1, 1, -1, 2, -1 ], [ 1, 1, 1, 1, -1, 1, -1 ], 
          [ 1, 1, 1, 1, -1, 1, 0 ], [ 1, 0, 0, 0, 0, 1, 1 ], [ 1, 0, 0, 0, 1, 0, 1 ], [ 1, 0, 0, 1, 0, 1, 0 ], 
          [ 1, 0, 0, 0, 1, 1, 1 ], [ 1, 0, 1, 0, 0, 1, 0 ], [ 1, 0, 0, 1, 0, 2, 0 ], [ 1, 1, 0, 0, 0, 1, 0 ], 
          [ 1, 0, 0, 0, 1, 0, 2 ], [ 1, 0, 1, 0, 0, 0, 1 ], [ 1, 0, 0, 1, 0, 1, 1 ], [ 1, 1, 0, 0, 0, 0, 1 ], 
          [ 1, 0, 1, 0, 0, 1, 1 ], [ 1, 1, 0, 0, 0, 1, 1 ], [ 1, 0, 0, 1, 1, 0, 0 ], [ 1, 0, 0, 1, 1, 2, 0 ], 
          [ 1, 1, 1, 0, 0, 1, -1 ], [ 1, 0, 0, 1, 1, 0, 2 ], [ 1, 1, 1, 0, 0, -1, 1 ], [ 1, 1, 1, 0, 0, 1, 1 ], 
          [ 1, 0, 0, 1, 1, 1, -1 ], [ 1, 0, 0, 1, 1, -1, 1 ], [ 1, 0, 0, 1, 1, 2, -1 ], [ 1, 1, 1, 0, 0, 0, -1 ], 
          [ 1, 0, 0, 1, 1, 2, 1 ], [ 1, 1, 1, 0, 0, 2, -1 ], [ 1, 0, 0, 1, 1, -1, 2 ], [ 1, 1, 1, 0, 0, -1, 0 ], 
          [ 1, 0, 0, 1, 1, 1, 2 ], [ 1, 1, 1, 0, 0, -1, 2 ], [ 1, 1, 1, 0, 0, 2, 0 ], [ 1, 1, 1, 0, 0, 0, 2 ], 
          [ 1, 0, 0, 1, 2, 0, 1 ], [ 1, 0, 0, 2, 1, 1, 0 ], [ 1, 1, 2, 0, 0, 0, 0 ], [ 1, 2, 1, 0, 0, 0, 0 ], 
          [ 1, 0, 1, 0, 0, 0, 0 ], [ 1, 0, 1, 0, 0, 2, 0 ], [ 1, 1, 0, 0, 0, 0, 0 ], [ 1, 0, 0, 0, 1, 1, 0 ], 
          [ 1, 0, 1, 0, 0, 0, 2 ], [ 1, 1, 0, 0, 0, 2, 0 ], [ 1, 0, 0, 0, 1, -1, 2 ], [ 1, 0, 0, 1, 0, 2, -1 ], 
          [ 1, 1, 0, 0, 0, 0, 2 ], [ 1, 0, 0, 0, 1, 1, 2 ], [ 1, 0, 0, 1, 0, 0, 1 ], [ 1, 0, 0, 1, 0, 2, 1 ], 
          [ 1, 0, 1, 0, 1, -1, 1 ], [ 1, 0, 1, 0, 1, 0, 0 ], [ 1, 0, 1, 1, 0, 0, 0 ], [ 1, 0, 1, 0, 1, 1, 1 ], 
          [ 1, 1, 0, 0, 1, -1, 1 ], [ 1, 0, 1, 0, 1, 1, 0 ], [ 1, 0, 1, 1, 0, 1, -1 ], [ 1, 1, 0, 0, 1, 0, 0 ], 
          [ 1, 0, 1, 1, 0, 2, 0 ], [ 1, 1, 0, 1, 0, 0, 0 ], [ 1, 1, 0, 0, 1, 1, 0 ], [ 1, 0, 1, 0, 1, 0, 2 ], 
          [ 1, 1, 0, 0, 1, 1, 1 ], [ 1, 0, 1, 0, 1, -1, 2 ], [ 1, 0, 1, 1, 0, 2, -1 ], [ 1, 1, 0, 1, 0, 1, -1 ], 
          [ 1, 0, 1, 1, 0, 1, 1 ], [ 1, 1, 0, 1, 0, 2, 0 ], [ 1, 1, 0, 0, 1, -1, 2 ], [ 1, 1, 0, 1, 0, 2, -1 ], 
          [ 1, 1, 0, 0, 1, 0, 2 ], [ 1, 0, 1, 1, 0, 0, 1 ], [ 1, 1, 0, 1, 0, 1, 1 ], [ 1, 1, 0, 1, 0, 0, 1 ], 
          [ 1, 0, 1, 1, 1, 0, -1 ], [ 1, 0, 1, 1, 1, -1, 0 ], [ 1, 0, 1, 1, 1, 2, -1 ], [ 1, 1, 0, 1, 1, 0, -1 ], 
          [ 1, 1, 1, 0, 1, 0, -1 ], [ 1, 0, 1, 1, 1, 2, 0 ], [ 1, 1, 0, 1, 1, -1, 0 ], [ 1, 1, 1, 0, 1, 1, -1 ], 
          [ 1, 0, 1, 1, 1, -1, 2 ], [ 1, 1, 0, 1, 1, 2, -1 ], [ 1, 1, 1, 0, 1, -2, 1 ], [ 1, 1, 1, 1, 0, 1, -2 ], 
          [ 1, 0, 1, 1, 1, 0, 2 ], [ 1, 1, 0, 1, 1, 2, 0 ], [ 1, 1, 1, 0, 1, -2, 2 ], [ 1, 1, 1, 1, 0, 2, -2 ], 
          [ 1, 1, 0, 1, 1, -1, 2 ], [ 1, 1, 1, 0, 1, 1, 1 ], [ 1, 1, 1, 1, 0, -1, 0 ], [ 1, 1, 0, 1, 1, 0, 2 ], 
          [ 1, 1, 1, 0, 1, 0, 2 ], [ 1, 1, 1, 1, 0, -1, 1 ], [ 1, 1, 1, 1, 0, 2, 0 ], [ 1, 1, 1, 1, 0, 1, 1 ], 
          [ 1, 0, 1, 1, 1, 1, -1 ], [ 1, 0, 1, 1, 1, -1, 1 ], [ 1, 1, 0, 1, 1, 1, -1 ], [ 1, 1, 1, 0, 1, -1, 0 ], 
          [ 1, 0, 1, 1, 1, 1, 1 ], [ 1, 1, 0, 1, 1, -1, 1 ], [ 1, 1, 1, 0, 1, 1, 0 ], [ 1, 1, 1, 1, 0, 0, -1 ], 
          [ 1, 1, 0, 1, 1, 1, 1 ], [ 1, 1, 1, 0, 1, -1, 2 ], [ 1, 1, 1, 1, 0, 2, -1 ], [ 1, 1, 1, 1, 0, 0, 1 ], 
          [ 1, 1, 1, 1, 1, 0, -1 ], [ 1, 1, 1, 1, 1, -1, 0 ], [ 1, 1, 1, 1, 1, 1, -1 ], [ 1, 1, 1, 1, 1, 1, 0 ], 
          [ 1, 1, 1, 1, 1, -1, 1 ], [ 1, 1, 1, 1, 1, 0, 1 ], [ 1, 0, 0, 1, 1, 1, 0 ], [ 1, 0, 0, 1, 1, 0, 1 ], 
          [ 1, 0, 0, 1, 1, 1, 1 ], [ 1, 0, 1, 0, 1, 0, 1 ], [ 1, 0, 1, 1, 0, 1, 0 ], [ 1, 0, 1, 1, 1, 0, 0 ], 
          [ 1, 0, 1, 1, 1, 1, 0 ], [ 1, 0, 1, 1, 1, 0, 1 ], [ 1, 1, 0, 0, 1, 0, 1 ], [ 1, 1, 0, 1, 0, 1, 0 ], 
          [ 1, 1, 0, 1, 1, 0, 0 ], [ 1, 1, 0, 1, 1, 1, 0 ], [ 1, 1, 0, 1, 1, 0, 1 ], [ 1, 1, 1, 0, 0, 0, 0 ], 
          [ 1, 1, 1, 0, 0, 1, 0 ], [ 1, 1, 1, 0, 0, 0, 1 ], [ 1, 1, 1, 0, 1, 0, 0 ], [ 1, 1, 1, 0, 1, -1, 1 ], 
          [ 1, 1, 1, 0, 1, 0, 1 ], [ 1, 1, 1, 1, 0, 1, -1 ], [ 1, 1, 1, 1, 0, 0, 0 ], [ 1, 1, 1, 1, 0, 1, 0 ], 
          [ 1, 1, 1, 1, 1, 0, 0 ] ],
      TheQuadForm := [ [ 6, 2, 2, 2, 2, 2 ], [ 2, 6, 2, 2, 2, 2 ], [ 2, 2, 6, 0, 0, 2 ], [ 2, 2, 0, 6, 2, 0 ], 
          [ 2, 2, 0, 2, 4, 2 ], [ 2, 2, 2, 0, 2, 4 ] ],
      TheQuadFunction := [ [ 20, -9, -9, -7, -7, -6, -6 ], [ -9, 6, 2, 2, 2, 2, 2 ], [ -9, 2, 6, 2, 2, 2, 2 ], 
          [ -7, 2, 2, 6, 0, 0, 2 ], [ -7, 2, 2, 0, 6, 2, 0 ], [ -6, 2, 2, 0, 2, 4, 2 ], [ -6, 2, 2, 2, 0, 2, 4 ] ],
      TheStab := rec(
          GRPperm := Group( [ ( 1, 2)( 7, 8)(12,13)(15,16)(17,18)(20,21), ( 4, 5)( 9,10)(17,20)(18,21)(19,22), 
              ( 2, 3)( 6, 7)(11,12)(14,15)(18,19)(21,22), ( 4, 9)( 5,10)( 6,11)( 7,12)( 8,13), 
              ( 1,14)( 2,15)( 3,16)( 5, 9)( 6,17)( 7,18)( 8,19)(11,20)(12,21)(13,22) ] ),
          TheMatrGRP := 
           Group(
            [ [ [ 1, 0, 0, 0, 0, 0, 0 ], [ 0, 1, 0, 0, 0, 0, 0 ], [ 0, 0, 1, 0, 0, 0, 0 ], [ 0, 0, 0, 1, 0, 1, -1 ], 
                  [ 0, 0, 0, 0, 1, -1, 1 ], [ 0, 0, 0, 0, 0, 0, 1 ], [ 0, 0, 0, 0, 0, 1, 0 ] ], 
              [ [ 1, 0, 0, 0, 0, 0, 0 ], [ 0, 1, 0, 0, 0, 0, 0 ], [ 0, 0, 1, 0, 0, 0, 0 ], [ 0, 0, 0, 0, 1, -1, 1 ], 
                  [ 0, 0, 0, 1, 0, 1, -1 ], [ 0, 0, 0, 0, 0, 1, 0 ], [ 0, 0, 0, 0, 0, 0, 1 ] ], 
              [ [ 1, 0, 0, 0, 0, 3, 0 ], [ 0, 1, 0, 0, 0, -1, 0 ], [ 0, 0, 1, 0, 0, -1, 0 ], [ 0, 0, 0, 1, 0, 0, 0 ],
                  [ 0, 0, 0, 0, 1, -1, 0 ], [ 0, 0, 0, 0, 0, -1, 0 ], [ 0, 0, 0, 0, 0, -1, 1 ] ], 
              [ [ 1, 0, 0, 0, 0, 0, 0 ], [ 0, 0, 1, 0, 0, 0, 0 ], [ 0, 1, 0, 0, 0, 0, 0 ], [ 0, 0, 0, 1, 0, 0, 0 ], 
                  [ 0, 0, 0, 0, 1, 0, 0 ], [ 0, 0, 0, 0, 0, 1, 0 ], [ 0, 0, 0, 0, 0, 0, 1 ] ], 
              [ [ 1, 0, 0, 0, 0, 2, -1 ], [ 0, 0, 0, 1, 0, 0, 0 ], [ 0, 0, 0, 0, 1, -1, 1 ], [ 0, 1, 0, 0, 0, 0, 0 ],
                  [ 0, 0, 1, 0, 0, -1, 0 ], [ 0, 0, 0, 0, 0, -1, 1 ], [ 0, 0, 0, 0, 0, 0, 1 ] ] ]),
          phi := GroupHomomorphismByImages( Group( [ ( 1, 2)( 7, 8)(12,13)(15,16)(17,18)(20,21), 
              ( 4, 5)( 9,10)(17,20)(18,21)(19,22), ( 2, 3)( 6, 7)(11,12)(14,15)(18,19)(21,22), 
              ( 4, 9)( 5,10)( 6,11)( 7,12)( 8,13), ( 1,14)( 2,15)( 3,16)( 5, 9)( 6,17)( 7,18)( 8,19)(11,20)(12,21)
                (13,22) ] ), Group(
            [ [ [ 1, 0, 0, 0, 0, 0, 0 ], [ 0, 1, 0, 0, 0, 0, 0 ], [ 0, 0, 1, 0, 0, 0, 0 ], [ 0, 0, 0, 1, 0, 1, -1 ], 
                  [ 0, 0, 0, 0, 1, -1, 1 ], [ 0, 0, 0, 0, 0, 0, 1 ], [ 0, 0, 0, 0, 0, 1, 0 ] ], 
              [ [ 1, 0, 0, 0, 0, 0, 0 ], [ 0, 1, 0, 0, 0, 0, 0 ], [ 0, 0, 1, 0, 0, 0, 0 ], [ 0, 0, 0, 0, 1, -1, 1 ], 
                  [ 0, 0, 0, 1, 0, 1, -1 ], [ 0, 0, 0, 0, 0, 1, 0 ], [ 0, 0, 0, 0, 0, 0, 1 ] ], 
              [ [ 1, 0, 0, 0, 0, 3, 0 ], [ 0, 1, 0, 0, 0, -1, 0 ], [ 0, 0, 1, 0, 0, -1, 0 ], [ 0, 0, 0, 1, 0, 0, 0 ],
                  [ 0, 0, 0, 0, 1, -1, 0 ], [ 0, 0, 0, 0, 0, -1, 0 ], [ 0, 0, 0, 0, 0, -1, 1 ] ], 
              [ [ 1, 0, 0, 0, 0, 0, 0 ], [ 0, 0, 1, 0, 0, 0, 0 ], [ 0, 1, 0, 0, 0, 0, 0 ], [ 0, 0, 0, 1, 0, 0, 0 ], 
                  [ 0, 0, 0, 0, 1, 0, 0 ], [ 0, 0, 0, 0, 0, 1, 0 ], [ 0, 0, 0, 0, 0, 0, 1 ] ], 
              [ [ 1, 0, 0, 0, 0, 2, -1 ], [ 0, 0, 0, 1, 0, 0, 0 ], [ 0, 0, 0, 0, 1, -1, 1 ], [ 0, 1, 0, 0, 0, 0, 0 ],
                  [ 0, 0, 1, 0, 0, -1, 0 ], [ 0, 0, 0, 0, 0, -1, 1 ], [ 0, 0, 0, 0, 0, 0, 1 ] ] ]), 
            [ ( 1, 2)( 7, 8)(12,13)(15,16)(17,18)(20,21), ( 4, 5)( 9,10)(17,20)(18,21)(19,22), 
              ( 2, 3)( 6, 7)(11,12)(14,15)(18,19)(21,22), ( 4, 9)( 5,10)( 6,11)( 7,12)( 8,13), 
              ( 1,14)( 2,15)( 3,16)( 5, 9)( 6,17)( 7,18)( 8,19)(11,20)(12,21)(13,22) ], 
            [ [ [ 1, 0, 0, 0, 0, 0, 0 ], [ 0, 1, 0, 0, 0, 0, 0 ], [ 0, 0, 1, 0, 0, 0, 0 ], [ 0, 0, 0, 1, 0, 1, -1 ], 
                  [ 0, 0, 0, 0, 1, -1, 1 ], [ 0, 0, 0, 0, 0, 0, 1 ], [ 0, 0, 0, 0, 0, 1, 0 ] ], 
              [ [ 1, 0, 0, 0, 0, 0, 0 ], [ 0, 1, 0, 0, 0, 0, 0 ], [ 0, 0, 1, 0, 0, 0, 0 ], [ 0, 0, 0, 0, 1, -1, 1 ], 
                  [ 0, 0, 0, 1, 0, 1, -1 ], [ 0, 0, 0, 0, 0, 1, 0 ], [ 0, 0, 0, 0, 0, 0, 1 ] ], 
              [ [ 1, 0, 0, 0, 0, 3, 0 ], [ 0, 1, 0, 0, 0, -1, 0 ], [ 0, 0, 1, 0, 0, -1, 0 ], [ 0, 0, 0, 1, 0, 0, 0 ],
                  [ 0, 0, 0, 0, 1, -1, 0 ], [ 0, 0, 0, 0, 0, -1, 0 ], [ 0, 0, 0, 0, 0, -1, 1 ] ], 
              [ [ 1, 0, 0, 0, 0, 0, 0 ], [ 0, 0, 1, 0, 0, 0, 0 ], [ 0, 1, 0, 0, 0, 0, 0 ], [ 0, 0, 0, 1, 0, 0, 0 ], 
                  [ 0, 0, 0, 0, 1, 0, 0 ], [ 0, 0, 0, 0, 0, 1, 0 ], [ 0, 0, 0, 0, 0, 0, 1 ] ], 
              [ [ 1, 0, 0, 0, 0, 2, -1 ], [ 0, 0, 0, 1, 0, 0, 0 ], [ 0, 0, 0, 0, 1, -1, 1 ], [ 0, 1, 0, 0, 0, 0, 0 ],
                  [ 0, 0, 1, 0, 0, -1, 0 ], [ 0, 0, 0, 0, 0, -1, 1 ], [ 0, 0, 0, 0, 0, 0, 1 ] ] ] ) ),
      VectSpace := [  ],
      n := 6 ), rec(
      EXT := [ [ 1, 0, 0, 1, 0, 1, 1 ], [ 1, 0, 0, 1, 0, 2, 1 ], [ 1, 0, 0, 1, 1, 1, 0 ], [ 1, 0, 0, 1, 1, 1, 1 ], 
          [ 1, 0, 1, 0, 0, 1, 1 ], [ 1, 0, 1, 1, 0, 1, 0 ], [ 1, 0, 1, 1, 0, 1, 1 ], [ 1, 0, 1, 1, 1, 0, 0 ], 
          [ 1, 0, 1, 1, 1, 1, 0 ], [ 1, 1, 0, 0, 0, 1, 1 ], [ 1, 1, 0, 1, 0, 1, 0 ], [ 1, 1, 0, 1, 0, 1, 1 ], 
          [ 1, 1, 0, 1, 1, 0, 0 ], [ 1, 1, 0, 1, 1, 1, 0 ], [ 1, 1, 1, 0, 0, 0, 0 ], [ 1, 1, 1, 0, 0, 1, 0 ], 
          [ 1, 1, 1, 0, 0, 0, 1 ], [ 1, 1, 1, 0, 0, 1, 1 ], [ 1, 1, 1, 0, 1, 0, 0 ], [ 1, 1, 1, 1, 0, 0, 0 ], 
          [ 1, 1, 1, 1, 0, 1, 0 ], [ 1, 1, 1, 1, 1, 0, -1 ], [ 1, 1, 1, 1, 1, 0, 0 ] ],
      ListAdjacentVert := [ [ 1, -1, 0, 1, 0, 2, 1 ], [ 1, -1, 0, 1, 0, 2, 2 ], [ 1, 0, -1, 1, 0, 2, 1 ], 
          [ 1, -1, 1, 1, 1, 1, 0 ], [ 1, 0, -1, 1, 0, 2, 2 ], [ 1, -1, 1, 1, 1, 1, 1 ], [ 1, 0, 1, 1, 2, 0, -1 ], 
          [ 1, 1, -1, 1, 1, 1, 0 ], [ 1, 0, 1, 1, 2, 0, 0 ], [ 1, 1, -1, 1, 1, 1, 1 ], [ 1, 1, 0, 1, 2, 0, -1 ], 
          [ 1, 1, 0, 1, 2, 0, 0 ], [ 1, -1, 0, 1, 1, 1, 1 ], [ 1, 0, -1, 1, 1, 1, 1 ], [ 1, -1, 0, 1, 1, 2, 1 ], 
          [ 1, 0, -1, 1, 1, 2, 1 ], [ 1, 0, 0, 1, 2, 0, 0 ], [ 1, 0, 0, 1, 2, 1, 0 ], [ 1, -1, 1, 1, 0, 1, 1 ], 
          [ 1, 1, -1, 1, 0, 1, 1 ], [ 1, -1, 1, 1, 0, 2, 1 ], [ 1, 1, -1, 1, 0, 2, 1 ], [ 1, 1, 1, 1, 2, -1, -1 ], 
          [ 1, 1, 1, 1, 2, 0, -1 ], [ 1, 0, 0, 0, 0, 1, 1 ], [ 1, 0, 0, 0, 0, 1, 2 ], [ 1, 0, 0, 0, 0, 2, 1 ], 
          [ 1, 0, 1, 0, 1, 0, 0 ], [ 1, 0, 0, 0, 0, 2, 2 ], [ 1, 0, 1, 0, 1, 0, 1 ], [ 1, 0, 1, 0, 1, 1, 0 ], 
          [ 1, 1, 0, 0, 1, 0, 0 ], [ 1, 0, 1, 0, 1, 1, 1 ], [ 1, 1, 0, 0, 1, 0, 1 ], [ 1, 1, 0, 0, 1, 1, 0 ], 
          [ 1, 1, 0, 0, 1, 1, 1 ], [ 1, 0, 0, 0, 1, 0, 1 ], [ 1, 0, 0, 0, 1, 2, 1 ], [ 1, 0, 0, 0, 1, 1, 0 ], 
          [ 1, 0, 0, 0, 1, 1, 2 ], [ 1, 0, 0, 0, 1, 1, 1 ], [ 1, 0, 0, 1, 0, 0, 1 ], [ 1, 0, 0, 1, 0, 3, 1 ], 
          [ 1, 0, 1, 1, 1, -1, 0 ], [ 1, 0, 1, 1, 1, 2, 0 ], [ 1, 1, 0, 1, 1, -1, 0 ], [ 1, 1, 0, 1, 1, 2, 0 ], 
          [ 1, 0, 0, 1, 0, 1, 0 ], [ 1, 0, 0, 1, 0, 1, 2 ], [ 1, 0, 0, 1, 0, 2, 0 ], [ 1, 0, 1, 1, 1, 0, -1 ], 
          [ 1, 0, 0, 1, 0, 2, 2 ], [ 1, 0, 1, 1, 1, 0, 1 ], [ 1, 0, 1, 1, 1, 1, -1 ], [ 1, 1, 0, 1, 1, 0, -1 ], 
          [ 1, 0, 1, 1, 1, 1, 1 ], [ 1, 1, 0, 1, 1, 0, 1 ], [ 1, 1, 0, 1, 1, 1, -1 ], [ 1, 1, 0, 1, 1, 1, 1 ], 
          [ 1, 0, 0, 1, 1, 0, 0 ], [ 1, 0, 0, 1, 1, 0, 1 ], [ 1, 0, 0, 1, 1, 2, 0 ], [ 1, 0, 0, 1, 1, 2, 1 ], 
          [ 1, 0, 0, 1, 1, 1, -1 ], [ 1, 0, 0, 1, 1, 1, 2 ], [ 1, 0, 0, 2, 1, 1, 0 ], [ 1, 0, 1, 0, 0, 0, 0 ], 
          [ 1, 0, 1, 0, 0, 0, 2 ], [ 1, 1, 0, 0, 0, 0, 0 ], [ 1, 0, 1, 0, 0, 2, 0 ], [ 1, 1, 0, 0, 0, 0, 2 ], 
          [ 1, 0, 1, 0, 0, 2, 2 ], [ 1, 1, 0, 0, 0, 2, 0 ], [ 1, 1, 1, 0, 1, -1, -1 ], [ 1, 1, 0, 0, 0, 2, 2 ], 
          [ 1, 1, 1, 0, 1, -1, 1 ], [ 1, 1, 1, 0, 1, 1, -1 ], [ 1, 1, 1, 0, 1, 1, 1 ], [ 1, 0, 1, 0, 0, 0, 1 ], 
          [ 1, 1, 0, 0, 0, 0, 1 ], [ 1, 0, 1, 0, 0, 2, 1 ], [ 1, 1, 0, 0, 0, 2, 1 ], [ 1, 1, 1, 0, 1, -1, 0 ], 
          [ 1, 1, 1, 0, 1, 1, 0 ], [ 1, 0, 1, 0, 0, 1, 0 ], [ 1, 0, 1, 0, 0, 1, 2 ], [ 1, 1, 0, 0, 0, 1, 0 ], 
          [ 1, 1, 0, 0, 0, 1, 2 ], [ 1, 1, 1, 0, 1, 0, -1 ], [ 1, 1, 1, 0, 1, 0, 1 ], [ 1, 0, 1, 1, 0, 0, 0 ], 
          [ 1, 0, 1, 1, 0, 0, 1 ], [ 1, 1, 0, 1, 0, 0, 0 ], [ 1, 0, 1, 1, 0, 2, 0 ], [ 1, 1, 0, 1, 0, 0, 1 ], 
          [ 1, 0, 1, 1, 0, 2, 1 ], [ 1, 1, 0, 1, 0, 2, 0 ], [ 1, 1, 1, 1, 1, -1, -1 ], [ 1, 1, 0, 1, 0, 2, 1 ], 
          [ 1, 1, 1, 1, 1, -1, 0 ], [ 1, 1, 1, 1, 1, 1, -1 ], [ 1, 1, 1, 1, 1, 1, 0 ], [ 1, 0, 1, 1, 0, 1, -1 ], 
          [ 1, 0, 1, 1, 0, 1, 2 ], [ 1, 1, 0, 1, 0, 1, -1 ], [ 1, 1, 0, 1, 0, 1, 2 ], [ 1, 1, 1, 1, 1, 0, -2 ], 
          [ 1, 1, 1, 1, 1, 0, 1 ], [ 1, 1, 1, -1, 0, 0, 1 ], [ 1, 1, 1, -1, 0, 1, 1 ], [ 1, 1, 1, 0, -1, 1, 1 ], 
          [ 1, 1, 2, 0, 0, 0, 0 ], [ 1, 2, 1, 0, 0, 0, 0 ], [ 1, 1, 1, 0, 0, -1, 0 ], [ 1, 1, 1, 0, 0, -1, 1 ], 
          [ 1, 1, 1, 0, 0, 2, 0 ], [ 1, 1, 1, 0, 0, 2, 1 ], [ 1, 1, 1, 0, 0, 0, -1 ], [ 1, 1, 1, 0, 0, 0, 2 ], 
          [ 1, 1, 1, 0, 0, 1, -1 ], [ 1, 1, 1, 0, 0, 1, 2 ], [ 1, 1, 1, 1, 0, -1, 0 ], [ 1, 1, 1, 1, 0, 2, 0 ], 
          [ 1, 1, 1, 1, 0, 0, -1 ], [ 1, 1, 1, 1, 0, 0, 1 ], [ 1, 1, 1, 1, 0, 1, -1 ], [ 1, 1, 1, 1, 0, 1, 1 ], 
          [ 1, 0, 0, 1, 0, 1, 1 ], [ 1, 0, 0, 1, 0, 2, 1 ], [ 1, 0, 0, 1, 1, 1, 0 ], [ 1, 0, 0, 1, 1, 1, 1 ], 
          [ 1, 0, 1, 0, 0, 1, 1 ], [ 1, 0, 1, 1, 0, 1, 0 ], [ 1, 0, 1, 1, 0, 1, 1 ], [ 1, 0, 1, 1, 1, 0, 0 ], 
          [ 1, 0, 1, 1, 1, 1, 0 ], [ 1, 1, 0, 0, 0, 1, 1 ], [ 1, 1, 0, 1, 0, 1, 0 ], [ 1, 1, 0, 1, 0, 1, 1 ], 
          [ 1, 1, 0, 1, 1, 0, 0 ], [ 1, 1, 0, 1, 1, 1, 0 ], [ 1, 1, 1, 0, 0, 0, 0 ], [ 1, 1, 1, 0, 0, 1, 0 ], 
          [ 1, 1, 1, 0, 0, 0, 1 ], [ 1, 1, 1, 0, 0, 1, 1 ], [ 1, 1, 1, 0, 1, 0, 0 ], [ 1, 1, 1, 1, 0, 0, 0 ], 
          [ 1, 1, 1, 1, 0, 1, 0 ], [ 1, 1, 1, 1, 1, 0, -1 ], [ 1, 1, 1, 1, 1, 0, 0 ] ],
      TheQuadForm := [ [ 6, 2, 2, 2, 2, 2 ], [ 2, 6, 2, 2, 2, 2 ], [ 2, 2, 6, 0, 0, 2 ], [ 2, 2, 0, 6, 2, 2 ], 
          [ 2, 2, 0, 2, 4, 0 ], [ 2, 2, 2, 2, 0, 4 ] ],
      TheQuadFunction := [ [ 20, -9, -9, -7, -7, -6, -6 ], [ -9, 6, 2, 2, 2, 2, 2 ], [ -9, 2, 6, 2, 2, 2, 2 ], 
          [ -7, 2, 2, 6, 0, 0, 2 ], [ -7, 2, 2, 0, 6, 2, 2 ], [ -6, 2, 2, 0, 2, 4, 0 ], [ -6, 2, 2, 2, 2, 0, 4 ] ],
      TheStab := rec(
          GRPperm := Group( [ ( 1, 2)( 8, 9)(13,14)(15,16)(17,18)(20,21), ( 1, 8)( 2, 9)(10,19)(11,22)(12,23), 
              ( 3, 4)( 6, 7)(11,12)(15,17)(16,18)(22,23), ( 5,10)( 6,11)( 7,12)( 8,13)( 9,14) ] ),
          TheMatrGRP := 
           Group(
            [ [ [ 1, 0, 0, 0, 0, 3, 0 ], [ 0, 1, 0, 0, 0, -1, 0 ], [ 0, 0, 1, 0, 0, -1, 0 ], [ 0, 0, 0, 1, 0, 0, 0 ],
                  [ 0, 0, 0, 0, 1, -1, 0 ], [ 0, 0, 0, 0, 0, -1, 0 ], [ 0, 0, 0, 0, 0, 0, 1 ] ], 
              [ [ 1, 0, 1, 0, 1, -1, -1 ], [ 0, 1, 0, 0, 0, 0, 0 ], [ 0, 0, 0, 0, -1, 1, 1 ], 
                  [ 0, 0, 0, 1, 0, 0, 0 ], [ 0, 0, -1, 0, 0, 1, 1 ], [ 0, 0, 0, 0, 0, 1, 0 ], 
                  [ 0, 0, 0, 0, 0, 0, 1 ] ], 
              [ [ 1, 0, 0, 0, 0, 0, 3 ], [ 0, 1, 0, 0, 0, 0, -1 ], [ 0, 0, 1, 0, 0, 0, -1 ], 
                  [ 0, 0, 0, 1, 0, 0, -1 ], [ 0, 0, 0, 0, 1, 0, -1 ], [ 0, 0, 0, 0, 0, 1, 0 ], 
                  [ 0, 0, 0, 0, 0, 0, -1 ] ], 
              [ [ 1, 0, 0, 0, 0, 0, 0 ], [ 0, 0, 1, 0, 0, 0, 0 ], [ 0, 1, 0, 0, 0, 0, 0 ], [ 0, 0, 0, 1, 0, 0, 0 ], 
                  [ 0, 0, 0, 0, 1, 0, 0 ], [ 0, 0, 0, 0, 0, 1, 0 ], [ 0, 0, 0, 0, 0, 0, 1 ] ] ]),
          phi := GroupHomomorphismByImages( Group( [ ( 1, 2)( 8, 9)(13,14)(15,16)(17,18)(20,21), 
              ( 1, 8)( 2, 9)(10,19)(11,22)(12,23), ( 3, 4)( 6, 7)(11,12)(15,17)(16,18)(22,23), 
              ( 5,10)( 6,11)( 7,12)( 8,13)( 9,14) ] ), Group(
            [ [ [ 1, 0, 0, 0, 0, 3, 0 ], [ 0, 1, 0, 0, 0, -1, 0 ], [ 0, 0, 1, 0, 0, -1, 0 ], [ 0, 0, 0, 1, 0, 0, 0 ],
                  [ 0, 0, 0, 0, 1, -1, 0 ], [ 0, 0, 0, 0, 0, -1, 0 ], [ 0, 0, 0, 0, 0, 0, 1 ] ], 
              [ [ 1, 0, 1, 0, 1, -1, -1 ], [ 0, 1, 0, 0, 0, 0, 0 ], [ 0, 0, 0, 0, -1, 1, 1 ], 
                  [ 0, 0, 0, 1, 0, 0, 0 ], [ 0, 0, -1, 0, 0, 1, 1 ], [ 0, 0, 0, 0, 0, 1, 0 ], 
                  [ 0, 0, 0, 0, 0, 0, 1 ] ], 
              [ [ 1, 0, 0, 0, 0, 0, 3 ], [ 0, 1, 0, 0, 0, 0, -1 ], [ 0, 0, 1, 0, 0, 0, -1 ], 
                  [ 0, 0, 0, 1, 0, 0, -1 ], [ 0, 0, 0, 0, 1, 0, -1 ], [ 0, 0, 0, 0, 0, 1, 0 ], 
                  [ 0, 0, 0, 0, 0, 0, -1 ] ], 
              [ [ 1, 0, 0, 0, 0, 0, 0 ], [ 0, 0, 1, 0, 0, 0, 0 ], [ 0, 1, 0, 0, 0, 0, 0 ], [ 0, 0, 0, 1, 0, 0, 0 ], 
                  [ 0, 0, 0, 0, 1, 0, 0 ], [ 0, 0, 0, 0, 0, 1, 0 ], [ 0, 0, 0, 0, 0, 0, 1 ] ] ]), 
            [ ( 1, 2)( 8, 9)(13,14)(15,16)(17,18)(20,21), ( 1, 8)( 2, 9)(10,19)(11,22)(12,23), 
              ( 3, 4)( 6, 7)(11,12)(15,17)(16,18)(22,23), ( 5,10)( 6,11)( 7,12)( 8,13)( 9,14) ], 
            [ [ [ 1, 0, 0, 0, 0, 3, 0 ], [ 0, 1, 0, 0, 0, -1, 0 ], [ 0, 0, 1, 0, 0, -1, 0 ], [ 0, 0, 0, 1, 0, 0, 0 ],
                  [ 0, 0, 0, 0, 1, -1, 0 ], [ 0, 0, 0, 0, 0, -1, 0 ], [ 0, 0, 0, 0, 0, 0, 1 ] ], 
              [ [ 1, 0, 1, 0, 1, -1, -1 ], [ 0, 1, 0, 0, 0, 0, 0 ], [ 0, 0, 0, 0, -1, 1, 1 ], 
                  [ 0, 0, 0, 1, 0, 0, 0 ], [ 0, 0, -1, 0, 0, 1, 1 ], [ 0, 0, 0, 0, 0, 1, 0 ], 
                  [ 0, 0, 0, 0, 0, 0, 1 ] ], 
              [ [ 1, 0, 0, 0, 0, 0, 3 ], [ 0, 1, 0, 0, 0, 0, -1 ], [ 0, 0, 1, 0, 0, 0, -1 ], 
                  [ 0, 0, 0, 1, 0, 0, -1 ], [ 0, 0, 0, 0, 1, 0, -1 ], [ 0, 0, 0, 0, 0, 1, 0 ], 
                  [ 0, 0, 0, 0, 0, 0, -1 ] ], 
              [ [ 1, 0, 0, 0, 0, 0, 0 ], [ 0, 0, 1, 0, 0, 0, 0 ], [ 0, 1, 0, 0, 0, 0, 0 ], [ 0, 0, 0, 1, 0, 0, 0 ], 
                  [ 0, 0, 0, 0, 1, 0, 0 ], [ 0, 0, 0, 0, 0, 1, 0 ], [ 0, 0, 0, 0, 0, 0, 1 ] ] ] ) ),
      VectSpace := [  ],
      n := 6 ), rec(
      EXT := [ [ 1, 0, 0, 1, 0, 1, 1 ], [ 1, 0, 0, 0, 1, 1, 1 ], [ 1, 0, 0, 1, 1, 1, 1 ], [ 1, 0, 0, 1, 1, 1, 2 ], 
          [ 1, 0, 0, 0, 0, 2, 1 ], [ 1, 0, 1, 1, 1, 0, 0 ], [ 1, 0, 1, 1, 1, 0, 1 ], [ 1, 0, 1, 0, 0, 1, 0 ], 
          [ 1, 0, 1, 1, 0, 1, 0 ], [ 1, 0, 1, 1, 0, 1, 1 ], [ 1, 0, 1, 0, 1, 1, 0 ], [ 1, 0, 1, 0, 1, 1, 1 ], 
          [ 1, 0, 1, 1, 1, 1, 1 ], [ 1, 1, 0, 1, 1, 0, 1 ], [ 1, 1, 0, 0, 0, 1, 0 ], [ 1, 1, 0, 0, 0, 1, 1 ], 
          [ 1, 1, 0, 1, 0, 1, 1 ], [ 1, 1, 0, 0, 1, 1, 1 ], [ 1, 1, 1, 1, 0, 0, 0 ], [ 1, 1, 1, 0, 1, 0, 0 ], 
          [ 1, 1, 1, 1, 1, 0, 0 ], [ 1, 1, 1, 1, 1, 0, 1 ], [ 1, 1, 1, 0, 0, 1, 0 ] ],
      ListAdjacentVert := [ [ 1, -1, 1, 1, 1, 1, 1 ], [ 1, 0, 1, 2, 1, 0, 1 ], [ 1, 0, 1, 1, 2, 0, 1 ], 
          [ 1, 0, 2, 1, 1, 0, 0 ], [ 1, 0, -1, 0, 0, 2, 1 ], [ 1, 1, -1, 1, 0, 1, 1 ], [ 1, 0, -1, 0, 0, 2, 2 ], 
          [ 1, 0, 0, 0, -1, 2, 0 ], [ 1, 1, -1, 0, 1, 1, 1 ], [ 1, 1, -1, 1, 0, 1, 2 ], [ 1, 1, 0, 1, -1, 1, 0 ], 
          [ 1, 0, 0, 0, -1, 2, 1 ], [ 1, 0, 0, -1, 0, 2, 0 ], [ 1, 1, -1, 0, 1, 1, 2 ], [ 1, 1, 1, 0, -1, 1, -1 ], 
          [ 1, 1, 0, 1, -1, 1, 1 ], [ 1, 1, 0, -1, 1, 1, 0 ], [ 1, 0, 0, -1, 0, 2, 1 ], [ 1, 2, 0, 1, 0, 0, 0 ], 
          [ 1, 1, 1, 0, -1, 1, 0 ], [ 1, 1, 1, -1, 0, 1, -1 ], [ 1, 1, 0, -1, 1, 1, 1 ], [ 1, 2, 0, 0, 1, 0, 0 ], 
          [ 1, 2, 0, 1, 0, 0, 1 ], [ 1, 1, 1, -1, 0, 1, 0 ], [ 1, 2, 1, 0, 0, 0, -1 ], [ 1, 2, 0, 0, 1, 0, 1 ], 
          [ 1, 2, 1, 0, 0, 0, 0 ], [ 1, 0, -1, 0, 1, 2, 2 ], [ 1, 0, -1, 1, 0, 2, 2 ], [ 1, 1, -1, 1, 1, 1, 2 ], 
          [ 1, 0, 1, 0, -1, 2, 0 ], [ 1, 0, 0, 1, -1, 2, 1 ], [ 1, 1, 1, 1, -1, 1, 0 ], [ 1, 0, 1, -1, 0, 2, 0 ], 
          [ 1, 0, 0, -1, 1, 2, 1 ], [ 1, 1, 1, -1, 1, 1, 0 ], [ 1, 2, 1, 1, 0, 0, 0 ], [ 1, 2, 0, 1, 1, 0, 1 ], 
          [ 1, 2, 1, 0, 1, 0, 0 ], [ 1, 0, -1, 1, 1, 1, 2 ], [ 1, 0, 1, 1, -1, 1, 0 ], [ 1, 0, 1, -1, 1, 1, 0 ], 
          [ 1, 2, 1, 1, 1, -1, 0 ], [ 1, 0, 0, 0, 0, 1, 0 ], [ 1, 1, 0, 1, 0, 0, 0 ], [ 1, 0, 0, 0, 0, 1, 1 ], 
          [ 1, 1, 0, 0, 1, 0, 0 ], [ 1, 1, 0, 1, 0, 0, 1 ], [ 1, 1, 0, 0, 1, 0, 1 ], [ 1, 1, 1, 0, 0, 0, -1 ], 
          [ 1, 1, 1, 0, 0, 0, 0 ], [ 1, 0, 0, 0, 0, 2, 0 ], [ 1, 1, 0, 1, 0, 1, 0 ], [ 1, 0, 0, 0, 0, 2, 2 ], 
          [ 1, 1, 0, 0, 1, 1, 0 ], [ 1, 1, 0, 1, 0, 1, 2 ], [ 1, 1, 0, 0, 1, 1, 2 ], [ 1, 1, 1, 0, 0, 1, -1 ], 
          [ 1, 1, 1, 0, 0, 1, 1 ], [ 1, 0, 0, 0, 1, 1, 0 ], [ 1, 0, 0, 1, 0, 1, 0 ], [ 1, 1, 0, 1, 1, 0, 0 ], 
          [ 1, 0, 0, 0, 1, 1, 2 ], [ 1, 0, 1, 0, 0, 1, -1 ], [ 1, 0, 0, 1, 0, 1, 2 ], [ 1, 1, 0, 1, 1, 0, 2 ], 
          [ 1, 1, 1, 1, 0, 0, -1 ], [ 1, 0, 1, 0, 0, 1, 1 ], [ 1, 1, 1, 1, 0, 0, 1 ], [ 1, 1, 1, 0, 1, 0, -1 ], 
          [ 1, 1, 1, 0, 1, 0, 1 ], [ 1, 0, 0, 0, 1, 2, 1 ], [ 1, 0, 0, 1, 0, 2, 1 ], [ 1, 1, 0, 1, 1, 1, 1 ], 
          [ 1, 0, 0, 0, 1, 2, 2 ], [ 1, 0, 1, 0, 0, 2, 0 ], [ 1, 0, 0, 1, 0, 2, 2 ], [ 1, 1, 0, 1, 1, 1, 2 ], 
          [ 1, 1, 1, 1, 0, 1, 0 ], [ 1, 0, 1, 0, 0, 2, 1 ], [ 1, 1, 1, 1, 0, 1, 1 ], [ 1, 1, 1, 0, 1, 1, 0 ], 
          [ 1, 1, 1, 0, 1, 1, 1 ], [ 1, 0, 0, 1, 1, 0, 0 ], [ 1, 0, 0, 1, 1, 0, 2 ], [ 1, 0, 1, 1, 0, 0, -1 ], 
          [ 1, 0, 1, 1, 0, 0, 1 ], [ 1, 0, 1, 0, 1, 0, -1 ], [ 1, 0, 1, 0, 1, 0, 1 ], [ 1, 1, 1, 1, 1, -1, -1 ], 
          [ 1, 1, 1, 1, 1, -1, 1 ], [ 1, 0, 0, 1, 1, 0, 1 ], [ 1, 0, 1, 1, 0, 0, 0 ], [ 1, 0, 1, 0, 1, 0, 0 ], 
          [ 1, 1, 1, 1, 1, -1, 0 ], [ 1, 0, 0, 1, 1, 1, 0 ], [ 1, 0, 0, 1, 1, 1, 3 ], [ 1, 0, 1, 1, 0, 1, -1 ], 
          [ 1, 0, 1, 1, 0, 1, 2 ], [ 1, 0, 1, 0, 1, 1, -1 ], [ 1, 0, 1, 0, 1, 1, 2 ], [ 1, 1, 1, 1, 1, 0, -1 ], 
          [ 1, 1, 1, 1, 1, 0, 2 ], [ 1, 0, 0, 1, 1, 2, 2 ], [ 1, 0, 1, 1, 0, 2, 1 ], [ 1, 0, 1, 0, 1, 2, 1 ], 
          [ 1, 1, 1, 1, 1, 1, 1 ], [ 1, 0, 1, 1, 1, 0, -1 ], [ 1, 0, 1, 1, 1, 0, 2 ], [ 1, 0, 1, 1, 1, 1, 0 ], 
          [ 1, 0, 1, 1, 1, 1, 2 ], [ 1, 1, -1, 0, 0, 1, 1 ], [ 1, 1, 0, 0, -1, 1, 0 ], [ 1, 1, 0, -1, 0, 1, 0 ], 
          [ 1, 2, 0, 0, 0, 0, 0 ], [ 1, 1, -1, 0, 0, 2, 1 ], [ 1, 1, -1, 0, 0, 2, 2 ], [ 1, 1, 0, 0, -1, 2, 0 ], 
          [ 1, 1, 0, 0, -1, 2, 1 ], [ 1, 1, 0, -1, 0, 2, 0 ], [ 1, 1, 0, -1, 0, 2, 1 ], [ 1, 2, 0, 0, 0, 1, 0 ], 
          [ 1, 2, 0, 0, 0, 1, 1 ], [ 1, 1, 0, 0, 0, 0, 0 ], [ 1, 1, 0, 0, 0, 1, -1 ], [ 1, 1, 0, 0, 0, 1, 2 ], 
          [ 1, 1, 0, 0, 0, 2, 0 ], [ 1, 1, 0, 0, 0, 2, 2 ], [ 1, 1, 0, 0, 0, 2, 1 ], [ 1, 0, 0, 1, 0, 1, 1 ], 
          [ 1, 0, 0, 0, 1, 1, 1 ], [ 1, 0, 0, 1, 1, 1, 1 ], [ 1, 0, 0, 1, 1, 1, 2 ], [ 1, 0, 0, 0, 0, 2, 1 ], 
          [ 1, 0, 1, 1, 1, 0, 0 ], [ 1, 0, 1, 1, 1, 0, 1 ], [ 1, 0, 1, 0, 0, 1, 0 ], [ 1, 0, 1, 1, 0, 1, 0 ], 
          [ 1, 0, 1, 1, 0, 1, 1 ], [ 1, 0, 1, 0, 1, 1, 0 ], [ 1, 0, 1, 0, 1, 1, 1 ], [ 1, 0, 1, 1, 1, 1, 1 ], 
          [ 1, 1, 0, 1, 1, 0, 1 ], [ 1, 1, 0, 0, 0, 1, 0 ], [ 1, 1, 0, 0, 0, 1, 1 ], [ 1, 1, 0, 1, 0, 1, 1 ], 
          [ 1, 1, 0, 0, 1, 1, 1 ], [ 1, 1, 1, 1, 0, 0, 0 ], [ 1, 1, 1, 0, 1, 0, 0 ], [ 1, 1, 1, 1, 1, 0, 0 ], 
          [ 1, 1, 1, 1, 1, 0, 1 ], [ 1, 1, 1, 0, 0, 1, 0 ] ],
      TheQuadForm := [ [ 6, 2, 2, 2, 4, 0 ], [ 2, 6, 0, 0, 2, 2 ], [ 2, 0, 6, 2, 4, -2 ], [ 2, 0, 2, 6, 4, -2 ], 
          [ 4, 2, 4, 4, 8, -2 ], [ 0, 2, -2, -2, -2, 4 ] ],
      TheQuadFunction := [ [ 20, -9, -7, -7, -7, -12, 0 ], [ -9, 6, 2, 2, 2, 4, 0 ], [ -7, 2, 6, 0, 0, 2, 2 ], 
          [ -7, 2, 0, 6, 2, 4, -2 ], [ -7, 2, 0, 2, 6, 4, -2 ], [ -12, 4, 2, 4, 4, 8, -2 ], 
          [ 0, 0, 2, -2, -2, -2, 4 ] ],
      TheStab := rec(
          GRPperm := Group( [ ( 2,14)( 5,17)( 8,19)(11,21)(12,22), ( 1, 2)( 9,11)(10,12)(17,18)(19,20), 
              ( 3, 4)( 6, 7)( 9,10)(11,12)(15,16)(21,22), ( 2, 8)( 3, 9)( 4,10)(14,19)(18,23) ] ),
          TheMatrGRP := 
           Group(
            [ [ [ 1, 1, 0, 1, 0, -1, 0 ], [ 0, 0, 0, -1, 0, 1, 0 ], [ 0, 0, 1, 0, 0, 0, 0 ], 
                  [ 0, -1, 0, 0, 0, 1, 0 ], [ 0, 0, 0, 0, 1, 0, 0 ], [ 0, 0, 0, 0, 0, 1, 0 ], 
                  [ 0, 0, 0, 0, 0, 0, 1 ] ], 
              [ [ 1, 0, 0, 0, 0, 0, 0 ], [ 0, 1, 0, 0, 0, 0, 0 ], [ 0, 0, 1, 0, 0, 0, 0 ], [ 0, 0, 0, 0, 1, 0, 0 ], 
                  [ 0, 0, 0, 1, 0, 0, 0 ], [ 0, 0, 0, 0, 0, 1, 0 ], [ 0, 0, 0, 0, 0, 0, 1 ] ], 
              [ [ 1, 0, 0, 0, 0, 0, 0 ], [ 0, 1, 0, 0, 0, 0, 0 ], [ 0, 0, 1, 0, 0, 0, -1 ], [ 0, 0, 0, 1, 0, 0, 1 ], 
                  [ 0, 0, 0, 0, 1, 0, 1 ], [ 0, 0, 0, 0, 0, 1, 1 ], [ 0, 0, 0, 0, 0, 0, -1 ] ], 
              [ [ 1, 0, 0, 0, 0, 0, 0 ], [ 0, 1, 0, 0, 0, 0, 0 ], [ 0, 0, 0, 0, 1, 0, 1 ], [ 0, 0, 0, 1, 0, 0, 0 ], 
                  [ 0, 0, 1, 0, 0, 0, -1 ], [ 0, 0, 0, 0, 0, 1, 0 ], [ 0, 0, 0, 0, 0, 0, 1 ] ] ]),
          phi := GroupHomomorphismByImages( Group( [ ( 2,14)( 5,17)( 8,19)(11,21)(12,22), 
              ( 1, 2)( 9,11)(10,12)(17,18)(19,20), ( 3, 4)( 6, 7)( 9,10)(11,12)(15,16)(21,22), 
              ( 2, 8)( 3, 9)( 4,10)(14,19)(18,23) ] ), Group(
            [ [ [ 1, 1, 0, 1, 0, -1, 0 ], [ 0, 0, 0, -1, 0, 1, 0 ], [ 0, 0, 1, 0, 0, 0, 0 ], 
                  [ 0, -1, 0, 0, 0, 1, 0 ], [ 0, 0, 0, 0, 1, 0, 0 ], [ 0, 0, 0, 0, 0, 1, 0 ], 
                  [ 0, 0, 0, 0, 0, 0, 1 ] ], 
              [ [ 1, 0, 0, 0, 0, 0, 0 ], [ 0, 1, 0, 0, 0, 0, 0 ], [ 0, 0, 1, 0, 0, 0, 0 ], [ 0, 0, 0, 0, 1, 0, 0 ], 
                  [ 0, 0, 0, 1, 0, 0, 0 ], [ 0, 0, 0, 0, 0, 1, 0 ], [ 0, 0, 0, 0, 0, 0, 1 ] ], 
              [ [ 1, 0, 0, 0, 0, 0, 0 ], [ 0, 1, 0, 0, 0, 0, 0 ], [ 0, 0, 1, 0, 0, 0, -1 ], [ 0, 0, 0, 1, 0, 0, 1 ], 
                  [ 0, 0, 0, 0, 1, 0, 1 ], [ 0, 0, 0, 0, 0, 1, 1 ], [ 0, 0, 0, 0, 0, 0, -1 ] ], 
              [ [ 1, 0, 0, 0, 0, 0, 0 ], [ 0, 1, 0, 0, 0, 0, 0 ], [ 0, 0, 0, 0, 1, 0, 1 ], [ 0, 0, 0, 1, 0, 0, 0 ], 
                  [ 0, 0, 1, 0, 0, 0, -1 ], [ 0, 0, 0, 0, 0, 1, 0 ], [ 0, 0, 0, 0, 0, 0, 1 ] ] ]), 
            [ ( 2,14)( 5,17)( 8,19)(11,21)(12,22), ( 1, 2)( 9,11)(10,12)(17,18)(19,20), 
              ( 3, 4)( 6, 7)( 9,10)(11,12)(15,16)(21,22), ( 2, 8)( 3, 9)( 4,10)(14,19)(18,23) ], 
            [ [ [ 1, 1, 0, 1, 0, -1, 0 ], [ 0, 0, 0, -1, 0, 1, 0 ], [ 0, 0, 1, 0, 0, 0, 0 ], 
                  [ 0, -1, 0, 0, 0, 1, 0 ], [ 0, 0, 0, 0, 1, 0, 0 ], [ 0, 0, 0, 0, 0, 1, 0 ], 
                  [ 0, 0, 0, 0, 0, 0, 1 ] ], 
              [ [ 1, 0, 0, 0, 0, 0, 0 ], [ 0, 1, 0, 0, 0, 0, 0 ], [ 0, 0, 1, 0, 0, 0, 0 ], [ 0, 0, 0, 0, 1, 0, 0 ], 
                  [ 0, 0, 0, 1, 0, 0, 0 ], [ 0, 0, 0, 0, 0, 1, 0 ], [ 0, 0, 0, 0, 0, 0, 1 ] ], 
              [ [ 1, 0, 0, 0, 0, 0, 0 ], [ 0, 1, 0, 0, 0, 0, 0 ], [ 0, 0, 1, 0, 0, 0, -1 ], [ 0, 0, 0, 1, 0, 0, 1 ], 
                  [ 0, 0, 0, 0, 1, 0, 1 ], [ 0, 0, 0, 0, 0, 1, 1 ], [ 0, 0, 0, 0, 0, 0, -1 ] ], 
              [ [ 1, 0, 0, 0, 0, 0, 0 ], [ 0, 1, 0, 0, 0, 0, 0 ], [ 0, 0, 0, 0, 1, 0, 1 ], [ 0, 0, 0, 1, 0, 0, 0 ], 
                  [ 0, 0, 1, 0, 0, 0, -1 ], [ 0, 0, 0, 0, 0, 1, 0 ], [ 0, 0, 0, 0, 0, 0, 1 ] ] ] ) ),
      VectSpace := [  ],
      n := 6 ) ];
