return [ rec(
      EXT := [ [ 1, 0, 0, 0, 0, 0, 0 ], [ 1, 0, 0, 0, 1, 0, 0 ], [ 1, 0, 0, 1, 0, 0, 0 ], [ 1, 0, 0, 1, 1, 0, 0 ], 
          [ 1, 0, 1, 0, 0, 0, 0 ], [ 1, 0, 1, 0, 1, 0, 0 ], [ 1, 0, 1, 1, 0, 0, 0 ], [ 1, 0, 1, 1, 1, 0, 0 ], 
          [ 1, 1, 0, 0, 0, 0, 0 ], [ 1, 1, 0, 0, 1, 0, 0 ], [ 1, 1, 0, 1, 0, 0, 0 ], [ 1, 1, 0, 1, 1, 0, 0 ], 
          [ 1, 1, 1, 0, 0, 0, 0 ], [ 1, 1, 1, 0, 1, 0, 0 ], [ 1, 1, 1, 1, 0, 0, 0 ], [ 1, 1, 1, 1, 1, 0, 0 ] ],
      ListAdjacentVert := [ [ 1, -1, 0, 0, 0, 0, 0 ], [ 1, -1, 0, 0, 1, 0, 0 ], [ 1, -1, 0, 1, 0, 0, 0 ], 
          [ 1, -1, 1, 0, 0, 0, 0 ], [ 1, 2, 0, 0, 0, 0, 0 ], [ 1, -1, 0, 1, 1, 0, 0 ], [ 1, -1, 1, 0, 1, 0, 0 ], 
          [ 1, 2, 0, 0, 1, 0, 0 ], [ 1, -1, 1, 1, 0, 0, 0 ], [ 1, 2, 0, 1, 0, 0, 0 ], [ 1, 2, 1, 0, 0, 0, 0 ], 
          [ 1, -1, 1, 1, 1, 0, 0 ], [ 1, 2, 0, 1, 1, 0, 0 ], [ 1, 2, 1, 0, 1, 0, 0 ], [ 1, 2, 1, 1, 0, 0, 0 ], 
          [ 1, 2, 1, 1, 1, 0, 0 ], [ 1, 0, -1, 0, 0, 0, 0 ], [ 1, 0, -1, 0, 1, 0, 0 ], [ 1, 0, -1, 1, 0, 0, 0 ], 
          [ 1, 0, 2, 0, 0, 0, 0 ], [ 1, 1, -1, 0, 0, 0, 0 ], [ 1, 0, -1, 1, 1, 0, 0 ], [ 1, 0, 2, 0, 1, 0, 0 ], 
          [ 1, 1, -1, 0, 1, 0, 0 ], [ 1, 0, 2, 1, 0, 0, 0 ], [ 1, 1, -1, 1, 0, 0, 0 ], [ 1, 1, 2, 0, 0, 0, 0 ], 
          [ 1, 0, 2, 1, 1, 0, 0 ], [ 1, 1, -1, 1, 1, 0, 0 ], [ 1, 1, 2, 0, 1, 0, 0 ], [ 1, 1, 2, 1, 0, 0, 0 ], 
          [ 1, 1, 2, 1, 1, 0, 0 ], [ 1, 0, 0, -1, 0, 0, 0 ], [ 1, 0, 0, -1, 1, 0, 0 ], [ 1, 0, 0, 2, 0, 0, 0 ], 
          [ 1, 0, 1, -1, 0, 0, 0 ], [ 1, 1, 0, -1, 0, 0, 0 ], [ 1, 0, 0, 2, 1, 0, 0 ], [ 1, 0, 1, -1, 1, 0, 0 ], 
          [ 1, 1, 0, -1, 1, 0, 0 ], [ 1, 0, 1, 2, 0, 0, 0 ], [ 1, 1, 0, 2, 0, 0, 0 ], [ 1, 1, 1, -1, 0, 0, 0 ], 
          [ 1, 0, 1, 2, 1, 0, 0 ], [ 1, 1, 0, 2, 1, 0, 0 ], [ 1, 1, 1, -1, 1, 0, 0 ], [ 1, 1, 1, 2, 0, 0, 0 ], 
          [ 1, 1, 1, 2, 1, 0, 0 ], [ 1, 0, 0, 0, -1, 0, 0 ], [ 1, 0, 0, 0, 2, 0, 0 ], [ 1, 0, 0, 1, -1, 0, 0 ], 
          [ 1, 0, 1, 0, -1, 0, 0 ], [ 1, 1, 0, 0, -1, 0, 0 ], [ 1, 0, 0, 1, 2, 0, 0 ], [ 1, 0, 1, 0, 2, 0, 0 ], 
          [ 1, 1, 0, 0, 2, 0, 0 ], [ 1, 0, 1, 1, -1, 0, 0 ], [ 1, 1, 0, 1, -1, 0, 0 ], [ 1, 1, 1, 0, -1, 0, 0 ], 
          [ 1, 0, 1, 1, 2, 0, 0 ], [ 1, 1, 0, 1, 2, 0, 0 ], [ 1, 1, 1, 0, 2, 0, 0 ], [ 1, 1, 1, 1, -1, 0, 0 ], 
          [ 1, 1, 1, 1, 2, 0, 0 ], [ 1, 0, 0, 0, 0, 0, 0 ], [ 1, 0, 0, 0, 1, 0, 0 ], [ 1, 0, 0, 1, 0, 0, 0 ], 
          [ 1, 0, 0, 1, 1, 0, 0 ], [ 1, 0, 1, 0, 0, 0, 0 ], [ 1, 0, 1, 0, 1, 0, 0 ], [ 1, 0, 1, 1, 0, 0, 0 ], 
          [ 1, 0, 1, 1, 1, 0, 0 ], [ 1, 1, 0, 0, 0, 0, 0 ], [ 1, 1, 0, 0, 1, 0, 0 ], [ 1, 1, 0, 1, 0, 0, 0 ], 
          [ 1, 1, 0, 1, 1, 0, 0 ], [ 1, 1, 1, 0, 0, 0, 0 ], [ 1, 1, 1, 0, 1, 0, 0 ], [ 1, 1, 1, 1, 0, 0, 0 ], 
          [ 1, 1, 1, 1, 1, 0, 0 ] ],
      TheQuadForm := [ [ 16, 0, 0, 0, 0, 0 ], [ 0, 8, 0, 0, 0, 0 ], [ 0, 0, 4, 0, 0, 0 ], [ 0, 0, 0, 2, 0, 0 ], 
          [ 0, 0, 0, 0, 0, 0 ], [ 0, 0, 0, 0, 0, 0 ] ],
      TheQuadFunction := [ [ 0, -8, -4, -2, -1, 0, 0 ], [ -8, 16, 0, 0, 0, 0, 0 ], [ -4, 0, 8, 0, 0, 0, 0 ], 
          [ -2, 0, 0, 4, 0, 0, 0 ], [ -1, 0, 0, 0, 2, 0, 0 ], [ 0, 0, 0, 0, 0, 0, 0 ], [ 0, 0, 0, 0, 0, 0, 0 ] ],
      TheStab := rec(
          GRPperm := Group( [ ( 5, 9)( 6,10)( 7,11)( 8,12), ( 3, 5)( 4, 6)(11,13)(12,14), 
              ( 1, 2)( 3, 4)( 5, 6)( 7, 8)( 9,10)(11,12)(13,14)(15,16), ( 1, 3)( 2, 4)( 5, 7)( 6, 8)( 9,11)(10,12)
                (13,15)(14,16) ] ),
          TheMatrGRP := 
           Group(
            [ [ [ 1, 0, 0, 0, 0, 0, 0 ], [ 0, 0, 1, 0, 0, 1, -1 ], [ 0, 1, 0, 0, 0, -1, 1 ], [ 0, 0, 0, 1, 0, 0, 0 ],
                  [ 0, 0, 0, 0, 1, 0, 0 ], [ 0, 0, 0, 0, 0, 1, 0 ], [ 0, 0, 0, 0, 0, 0, 1 ] ], 
              [ [ 1, 0, 0, 0, 0, 0, 0 ], [ 0, 1, 0, 0, 0, 0, 0 ], [ 0, 0, 0, 1, 0, 0, 1 ], [ 0, 0, 1, 0, 0, 0, -1 ], 
                  [ 0, 0, 0, 0, 1, 0, 0 ], [ 0, 0, 0, 0, 0, 1, 0 ], [ 0, 0, 0, 0, 0, 0, 1 ] ], 
              [ [ 1, 0, 0, 0, 1, 0, 0 ], [ 0, 1, 0, 0, 0, 0, 0 ], [ 0, 0, 1, 0, 0, 0, 0 ], [ 0, 0, 0, 1, 0, 0, 0 ], 
                  [ 0, 0, 0, 0, -1, 0, 0 ], [ 0, 0, 0, 0, 0, 1, 0 ], [ 0, 0, 0, 0, 0, 0, 1 ] ], 
              [ [ 1, 0, 0, 1, 0, 0, 0 ], [ 0, 1, 0, 0, 0, 0, 0 ], [ 0, 0, 1, 0, 0, 0, 0 ], [ 0, 0, 0, -1, 0, 0, 0 ], 
                  [ 0, 0, 0, 0, 1, 0, 0 ], [ 0, 0, 0, 0, 0, 1, 0 ], [ 0, 0, 0, 0, 0, 0, 1 ] ] ]),
          phi := GroupHomomorphismByImages( Group( [ ( 5, 9)( 6,10)( 7,11)( 8,12), ( 3, 5)( 4, 6)(11,13)(12,14), 
              ( 1, 2)( 3, 4)( 5, 6)( 7, 8)( 9,10)(11,12)(13,14)(15,16), ( 1, 3)( 2, 4)( 5, 7)( 6, 8)( 9,11)(10,12)
                (13,15)(14,16) ] ), Group(
            [ [ [ 1, 0, 0, 0, 0, 0, 0 ], [ 0, 0, 1, 0, 0, 1, -1 ], [ 0, 1, 0, 0, 0, -1, 1 ], [ 0, 0, 0, 1, 0, 0, 0 ],
                  [ 0, 0, 0, 0, 1, 0, 0 ], [ 0, 0, 0, 0, 0, 1, 0 ], [ 0, 0, 0, 0, 0, 0, 1 ] ], 
              [ [ 1, 0, 0, 0, 0, 0, 0 ], [ 0, 1, 0, 0, 0, 0, 0 ], [ 0, 0, 0, 1, 0, 0, 1 ], [ 0, 0, 1, 0, 0, 0, -1 ], 
                  [ 0, 0, 0, 0, 1, 0, 0 ], [ 0, 0, 0, 0, 0, 1, 0 ], [ 0, 0, 0, 0, 0, 0, 1 ] ], 
              [ [ 1, 0, 0, 0, 1, 0, 0 ], [ 0, 1, 0, 0, 0, 0, 0 ], [ 0, 0, 1, 0, 0, 0, 0 ], [ 0, 0, 0, 1, 0, 0, 0 ], 
                  [ 0, 0, 0, 0, -1, 0, 0 ], [ 0, 0, 0, 0, 0, 1, 0 ], [ 0, 0, 0, 0, 0, 0, 1 ] ], 
              [ [ 1, 0, 0, 1, 0, 0, 0 ], [ 0, 1, 0, 0, 0, 0, 0 ], [ 0, 0, 1, 0, 0, 0, 0 ], [ 0, 0, 0, -1, 0, 0, 0 ], 
                  [ 0, 0, 0, 0, 1, 0, 0 ], [ 0, 0, 0, 0, 0, 1, 0 ], [ 0, 0, 0, 0, 0, 0, 1 ] ] ]), 
            [ ( 5, 9)( 6,10)( 7,11)( 8,12), ( 3, 5)( 4, 6)(11,13)(12,14), ( 1, 2)( 3, 4)( 5, 6)( 7, 8)( 9,10)(11,12)
                (13,14)(15,16), ( 1, 3)( 2, 4)( 5, 7)( 6, 8)( 9,11)(10,12)(13,15)(14,16) ], 
            [ [ [ 1, 0, 0, 0, 0, 0, 0 ], [ 0, 0, 1, 0, 0, 1, -1 ], [ 0, 1, 0, 0, 0, -1, 1 ], [ 0, 0, 0, 1, 0, 0, 0 ],
                  [ 0, 0, 0, 0, 1, 0, 0 ], [ 0, 0, 0, 0, 0, 1, 0 ], [ 0, 0, 0, 0, 0, 0, 1 ] ], 
              [ [ 1, 0, 0, 0, 0, 0, 0 ], [ 0, 1, 0, 0, 0, 0, 0 ], [ 0, 0, 0, 1, 0, 0, 1 ], [ 0, 0, 1, 0, 0, 0, -1 ], 
                  [ 0, 0, 0, 0, 1, 0, 0 ], [ 0, 0, 0, 0, 0, 1, 0 ], [ 0, 0, 0, 0, 0, 0, 1 ] ], 
              [ [ 1, 0, 0, 0, 1, 0, 0 ], [ 0, 1, 0, 0, 0, 0, 0 ], [ 0, 0, 1, 0, 0, 0, 0 ], [ 0, 0, 0, 1, 0, 0, 0 ], 
                  [ 0, 0, 0, 0, -1, 0, 0 ], [ 0, 0, 0, 0, 0, 1, 0 ], [ 0, 0, 0, 0, 0, 0, 1 ] ], 
              [ [ 1, 0, 0, 1, 0, 0, 0 ], [ 0, 1, 0, 0, 0, 0, 0 ], [ 0, 0, 1, 0, 0, 0, 0 ], [ 0, 0, 0, -1, 0, 0, 0 ], 
                  [ 0, 0, 0, 0, 1, 0, 0 ], [ 0, 0, 0, 0, 0, 1, 0 ], [ 0, 0, 0, 0, 0, 0, 1 ] ] ] ) ),
      VectSpace := [ [ 0, 0, 0, 0, 1, 0 ], [ 0, 0, 0, 0, 0, 1 ] ],
      n := 6 ), rec(
      EXT := [ [ 1, 1, 1, 1, -1, -1, -1 ], [ 1, 1, 1, 0, -1, -1, 0 ], [ 1, 1, 0, 0, -1, 0, 0 ], 
          [ 1, 0, 1, 1, 0, -1, -1 ], [ 1, 0, 0, 1, 0, 0, -1 ], [ 1, 0, 0, 0, 0, 0, 0 ] ],
      ListAdjacentVert := [ [ 1, 2, 1, 0, -2, -1, 0 ], [ 1, 1, 2, 1, -1, -2, -1 ], [ 1, 1, 0, 1, -1, 0, -1 ], 
          [ 1, 0, 1, 2, 0, -1, -2 ], [ 1, 1, 0, -1, -1, 0, 1 ], [ 1, 0, 1, 0, 0, -1, 0 ], [ 1, 0, -1, 0, 0, 1, 0 ], 
          [ 1, -1, 0, 1, 1, 0, -1 ], [ 1, 1, 1, 1, -1, -1, -1 ], [ 1, 1, 1, 0, -1, -1, 0 ], [ 1, 1, 0, 0, -1, 0, 0 ],
          [ 1, 0, 1, 1, 0, -1, -1 ], [ 1, 0, 0, 1, 0, 0, -1 ], [ 1, 0, 0, 0, 0, 0, 0 ] ],
      TheQuadForm := [ [ 2, -1, 1, 0, 0, 0 ], [ -1, 2, -1, 0, 0, 0 ], [ 1, -1, 2, 0, 0, 0 ], [ 0, 0, 0, 0, 0, 0 ], 
          [ 0, 0, 0, 0, 0, 0 ], [ 0, 0, 0, 0, 0, 0 ] ],
      TheQuadFunction := [ [ 0, -1, 0, -1, 0, 0, 0 ], [ -1, 2, -1, 1, 0, 0, 0 ], [ 0, -1, 2, -1, 0, 0, 0 ], 
          [ -1, 1, -1, 2, 0, 0, 0 ], [ 0, 0, 0, 0, 0, 0, 0 ], [ 0, 0, 0, 0, 0, 0, 0 ], [ 0, 0, 0, 0, 0, 0, 0 ] ],
      TheStab := rec(
          GRPperm := Group( [ (2,4)(3,5), (1,2)(3,4)(5,6) ] ),
          TheMatrGRP := 
           Group(
            [ [ [ 1, 0, 0, 0, 0, 0, 0 ], [ 0, 0, 0, 1, 1, 0, -1 ], [ 0, 0, 1, 0, 0, 0, 0 ], [ 0, 1, 0, 0, -1, 0, 1 ],
                  [ 0, 0, 0, 0, 1, 0, 0 ], [ 0, 0, 0, 0, 0, 1, 0 ], [ 0, 0, 0, 0, 0, 0, 1 ] ], 
              [ [ 1, 0, 0, 1, 0, 0, -1 ], [ 0, 0, 1, 0, 1, -1, 0 ], [ 0, 1, 0, 0, -1, 1, 0 ], 
                  [ 0, 0, 0, -1, 0, 0, 2 ], [ 0, 0, 0, 0, 1, 0, 0 ], [ 0, 0, 0, 0, 0, 1, 0 ], 
                  [ 0, 0, 0, 0, 0, 0, 1 ] ] ]),
          phi := GroupHomomorphismByImages( Group( [ (2,4)(3,5), (1,2)(3,4)(5,6) ] ), Group(
            [ [ [ 1, 0, 0, 0, 0, 0, 0 ], [ 0, 0, 0, 1, 1, 0, -1 ], [ 0, 0, 1, 0, 0, 0, 0 ], [ 0, 1, 0, 0, -1, 0, 1 ],
                  [ 0, 0, 0, 0, 1, 0, 0 ], [ 0, 0, 0, 0, 0, 1, 0 ], [ 0, 0, 0, 0, 0, 0, 1 ] ], 
              [ [ 1, 0, 0, 1, 0, 0, -1 ], [ 0, 0, 1, 0, 1, -1, 0 ], [ 0, 1, 0, 0, -1, 1, 0 ], 
                  [ 0, 0, 0, -1, 0, 0, 2 ], [ 0, 0, 0, 0, 1, 0, 0 ], [ 0, 0, 0, 0, 0, 1, 0 ], 
                  [ 0, 0, 0, 0, 0, 0, 1 ] ] ]), [ (2,4)(3,5), (1,2)(3,4)(5,6) ], 
            [ [ [ 1, 0, 0, 0, 0, 0, 0 ], [ 0, 0, 0, 1, 1, 0, -1 ], [ 0, 0, 1, 0, 0, 0, 0 ], [ 0, 1, 0, 0, -1, 0, 1 ],
                  [ 0, 0, 0, 0, 1, 0, 0 ], [ 0, 0, 0, 0, 0, 1, 0 ], [ 0, 0, 0, 0, 0, 0, 1 ] ], 
              [ [ 1, 0, 0, 1, 0, 0, -1 ], [ 0, 0, 1, 0, 1, -1, 0 ], [ 0, 1, 0, 0, -1, 1, 0 ], 
                  [ 0, 0, 0, -1, 0, 0, 2 ], [ 0, 0, 0, 0, 1, 0, 0 ], [ 0, 0, 0, 0, 0, 1, 0 ], 
                  [ 0, 0, 0, 0, 0, 0, 1 ] ] ] ) ),
      VectSpace := [ [ 0, 0, 0, 1, 0, 0 ], [ 0, 0, 0, 0, 1, 0 ], [ 0, 0, 0, 0, 0, 1 ] ],
      n := 6 ), rec(
      EXT := [ [ 1, 1, 1, 1, -1, -1, -1 ], [ 1, 0, 1, 1, 0, -1, -1 ], [ 1, 1, 0, 1, -1, 0, -1 ], 
          [ 1, 0, 0, 1, 0, 0, -1 ], [ 1, 1, 0, 0, -1, 0, 0 ], [ 1, 0, 0, 0, 0, 0, 0 ] ],
      ListAdjacentVert := [ [ 1, 0, 1, 2, 0, -1, -2 ], [ 1, 0, 1, 0, 0, -1, 0 ], [ 1, 1, 1, 2, -1, -1, -2 ], 
          [ 1, 1, 1, 0, -1, -1, 0 ], [ 1, 0, -1, 0, 0, 1, 0 ], [ 1, 1, -1, 0, -1, 1, 0 ], [ 1, 2, 0, 0, -2, 0, 0 ], 
          [ 1, 2, 0, 1, -2, 0, -1 ], [ 1, -1, 0, 0, 1, 0, 0 ], [ 1, -1, 0, 1, 1, 0, -1 ], [ 1, 2, 1, 1, -2, -1, -1 ],
          [ 1, -1, 1, 1, 1, -1, -1 ], [ 1, 1, 1, 1, -1, -1, -1 ], [ 1, 0, 1, 1, 0, -1, -1 ], 
          [ 1, 1, 0, 1, -1, 0, -1 ], [ 1, 0, 0, 1, 0, 0, -1 ], [ 1, 1, 0, 0, -1, 0, 0 ], [ 1, 0, 0, 0, 0, 0, 0 ] ],
      TheQuadForm := [ [ 2, 0, 0, 0, 0, 0 ], [ 0, 4, -2, 0, 0, 0 ], [ 0, -2, 4, 0, 0, 0 ], [ 0, 0, 0, 0, 0, 0 ], 
          [ 0, 0, 0, 0, 0, 0 ], [ 0, 0, 0, 0, 0, 0 ] ],
      TheQuadFunction := [ [ 0, -1, 0, -2, 0, 0, 0 ], [ -1, 2, 0, 0, 0, 0, 0 ], [ 0, 0, 4, -2, 0, 0, 0 ], 
          [ -2, 0, -2, 4, 0, 0, 0 ], [ 0, 0, 0, 0, 0, 0, 0 ], [ 0, 0, 0, 0, 0, 0, 0 ], [ 0, 0, 0, 0, 0, 0, 0 ] ],
      TheStab := rec(
          GRPperm := Group( [ (1,2)(3,4)(5,6), (1,5)(2,6) ] ),
          TheMatrGRP := 
           Group(
            [ [ [ 1, 1, 0, 0, -1, 0, 0 ], [ 0, -1, 0, 0, 2, 0, 0 ], [ 0, 0, 1, 0, 0, 0, 0 ], [ 0, 0, 0, 1, 0, 0, 0 ],
                  [ 0, 0, 0, 0, 1, 0, 0 ], [ 0, 0, 0, 0, 0, 1, 0 ], [ 0, 0, 0, 0, 0, 0, 1 ] ], 
              [ [ 1, 0, 1, 1, 0, -1, -1 ], [ 0, 1, 0, 0, 0, 0, 0 ], [ 0, 0, 0, -1, 0, 1, 1 ], 
                  [ 0, 0, -1, 0, 0, 1, 1 ], [ 0, 0, 0, 0, 1, 0, 0 ], [ 0, 0, 0, 0, 0, 1, 0 ], 
                  [ 0, 0, 0, 0, 0, 0, 1 ] ] ]),
          phi := GroupHomomorphismByImages( Group( [ (1,2)(3,4)(5,6), (1,5)(2,6) ] ), Group(
            [ [ [ 1, 1, 0, 0, -1, 0, 0 ], [ 0, -1, 0, 0, 2, 0, 0 ], [ 0, 0, 1, 0, 0, 0, 0 ], [ 0, 0, 0, 1, 0, 0, 0 ],
                  [ 0, 0, 0, 0, 1, 0, 0 ], [ 0, 0, 0, 0, 0, 1, 0 ], [ 0, 0, 0, 0, 0, 0, 1 ] ], 
              [ [ 1, 0, 1, 1, 0, -1, -1 ], [ 0, 1, 0, 0, 0, 0, 0 ], [ 0, 0, 0, -1, 0, 1, 1 ], 
                  [ 0, 0, -1, 0, 0, 1, 1 ], [ 0, 0, 0, 0, 1, 0, 0 ], [ 0, 0, 0, 0, 0, 1, 0 ], 
                  [ 0, 0, 0, 0, 0, 0, 1 ] ] ]), [ (1,2)(3,4)(5,6), (1,5)(2,6) ], 
            [ [ [ 1, 1, 0, 0, -1, 0, 0 ], [ 0, -1, 0, 0, 2, 0, 0 ], [ 0, 0, 1, 0, 0, 0, 0 ], [ 0, 0, 0, 1, 0, 0, 0 ],
                  [ 0, 0, 0, 0, 1, 0, 0 ], [ 0, 0, 0, 0, 0, 1, 0 ], [ 0, 0, 0, 0, 0, 0, 1 ] ], 
              [ [ 1, 0, 1, 1, 0, -1, -1 ], [ 0, 1, 0, 0, 0, 0, 0 ], [ 0, 0, 0, -1, 0, 1, 1 ], 
                  [ 0, 0, -1, 0, 0, 1, 1 ], [ 0, 0, 0, 0, 1, 0, 0 ], [ 0, 0, 0, 0, 0, 1, 0 ], 
                  [ 0, 0, 0, 0, 0, 0, 1 ] ] ] ) ),
      VectSpace := [ [ 0, 0, 0, 1, 0, 0 ], [ 0, 0, 0, 0, 1, 0 ], [ 0, 0, 0, 0, 0, 1 ] ],
      n := 6 ), rec(
      EXT := [ [ 1, 0, 1, 0, 1, 0, 1 ], [ 1, 0, 1, 0, 0, 1, 1 ], [ 1, 0, 1, 0, 1, 1, 1 ], [ 1, 0, 1, 0, 1, 0, 2 ], 
          [ 1, 0, 0, 1, 1, 1, 0 ], [ 1, 0, 0, 1, 1, 0, 1 ], [ 1, 0, 0, 1, 2, 0, 1 ], [ 1, 0, 0, 1, 1, 1, 1 ], 
          [ 1, 0, 1, 1, 0, 1, 0 ], [ 1, 0, 1, 1, 1, 1, 0 ], [ 1, 0, 1, 1, 0, 2, 0 ], [ 1, 0, 1, 1, 1, 0, 1 ], 
          [ 1, 0, 1, 1, 0, 1, 1 ], [ 1, 0, 1, 1, 1, 1, 1 ], [ 1, 1, 0, 0, 1, 0, 1 ], [ 1, 1, 1, 0, 0, 1, 0 ], 
          [ 1, 1, 1, 0, 0, 0, 1 ], [ 1, 1, 1, 0, 1, 0, 1 ], [ 1, 1, 1, 0, 0, 1, 1 ], [ 1, 1, 0, 1, 1, 0, 0 ], 
          [ 1, 1, 0, 1, 0, 1, 0 ], [ 1, 1, 0, 1, 1, 1, 0 ], [ 1, 1, 0, 1, 1, 0, 1 ], [ 1, 1, 1, 1, 0, 1, 0 ] ],
      ListAdjacentVert := [ [ 1, -1, 1, 1, 1, 1, 1 ], [ 1, 0, 0, 0, 1, 0, 1 ], [ 1, 0, 0, 0, 2, 0, 1 ], 
          [ 1, 0, 0, 0, 1, 1, 1 ], [ 1, 0, 0, 0, 2, -1, 2 ], [ 1, 0, 0, 0, 1, 0, 2 ], [ 1, 0, 0, 0, 2, 0, 2 ], 
          [ 1, 0, 0, 0, 1, 1, 0 ], [ 1, 0, 0, 0, 1, -1, 2 ], [ 1, 0, 0, 0, 2, -1, 1 ], [ 1, 0, 0, 0, 3, -1, 2 ], 
          [ 1, 0, 0, 0, 0, 1, 1 ], [ 1, 0, 0, 0, 1, 1, 2 ], [ 1, 0, 0, 0, 2, 1, 1 ], [ 1, 0, 0, 0, 2, -1, 3 ], 
          [ 1, 0, 0, 1, 0, 1, 0 ], [ 1, 0, 0, 1, 2, 1, 0 ], [ 1, 0, 0, 1, 1, 0, 0 ], [ 1, 0, 1, 0, 0, 0, 1 ], 
          [ 1, 0, 0, 1, 1, 2, 0 ], [ 1, 0, 0, 1, 2, -1, 2 ], [ 1, 0, 1, 0, 2, 0, 1 ], [ 1, 0, 0, 1, 2, 0, 0 ], 
          [ 1, 0, 1, 0, 0, 1, 0 ], [ 1, 0, 0, 1, 0, 2, 0 ], [ 1, 0, 0, 1, 1, 0, 2 ], [ 1, 0, 1, 0, 2, -1, 2 ], 
          [ 1, 0, 1, 0, 0, 2, 1 ], [ 1, 0, 0, 1, 2, -1, 1 ], [ 1, 0, 1, 0, 1, 1, 0 ], [ 1, 0, 0, 1, 0, 1, 1 ], 
          [ 1, 0, 1, 0, 1, -1, 2 ], [ 1, 0, 0, 1, 2, 0, 2 ], [ 1, 0, 1, 0, 0, 1, 2 ], [ 1, 0, 1, 0, 0, 2, 0 ], 
          [ 1, 0, 0, 1, 2, 1, 1 ], [ 1, 0, 1, 0, 0, 0, 2 ], [ 1, 0, 1, 0, 1, 1, 2 ], [ 1, 0, 1, 0, 2, 0, 2 ], 
          [ 1, 0, 0, 1, 1, 1, -1 ], [ 1, 0, 0, 1, 0, 2, -1 ], [ 1, 0, 0, 1, 1, -1, 1 ], [ 1, 0, 1, 0, 1, 0, 0 ], 
          [ 1, 0, 0, 1, 1, 2, -1 ], [ 1, 0, 0, 1, 0, 0, 1 ], [ 1, 0, 1, 0, 1, -1, 1 ], [ 1, 0, 0, 1, 3, -1, 1 ], 
          [ 1, 0, 1, 0, -1, 2, 0 ], [ 1, 0, 0, 1, 1, -1, 2 ], [ 1, 0, 1, 0, 2, -1, 1 ], [ 1, 0, 0, 1, 3, 0, 1 ], 
          [ 1, 0, 1, 0, -1, 1, 1 ], [ 1, 0, 0, 1, 0, 2, 1 ], [ 1, 0, 1, 0, 1, 2, 0 ], [ 1, 0, 0, 1, 3, -1, 2 ], 
          [ 1, 0, 1, 0, -1, 2, 1 ], [ 1, 0, 0, 1, 1, 2, 1 ], [ 1, 0, 1, 0, 2, 1, 1 ], [ 1, 0, 1, 0, 1, -1, 3 ], 
          [ 1, 0, 0, 1, 1, 1, 2 ], [ 1, 0, 1, 0, 1, 2, 1 ], [ 1, 0, 1, 0, 2, -1, 3 ], [ 1, 0, 1, 0, 1, 0, 3 ], 
          [ 1, 0, 1, -1, 1, 0, 2 ], [ 1, 0, -1, 1, 2, 0, 1 ], [ 1, 0, 1, 1, 0, 1, -1 ], [ 1, 0, 1, 1, 1, 1, -1 ], 
          [ 1, 0, 1, 1, -1, 2, -1 ], [ 1, 0, 1, 1, 0, 0, 0 ], [ 1, 0, 1, 1, -1, 3, -1 ], [ 1, 0, 1, 1, 1, -1, 1 ], 
          [ 1, 0, 1, 1, 1, 2, -1 ], [ 1, 0, 1, 1, -1, 1, 0 ], [ 1, 0, 1, 1, 2, 0, 0 ], [ 1, 0, 1, 1, 0, 3, -1 ], 
          [ 1, 0, 1, 1, -1, 1, 1 ], [ 1, 0, 1, 1, 2, -1, 1 ], [ 1, 0, 1, 1, 1, -1, 2 ], [ 1, 0, 1, 1, 2, 1, 0 ], 
          [ 1, 0, 1, 1, -1, 3, 0 ], [ 1, 0, 1, 1, 0, 0, 2 ], [ 1, 0, 1, 1, 2, 1, 1 ], [ 1, 0, 1, 1, -1, 2, 1 ], 
          [ 1, 0, 1, 1, 2, -1, 2 ], [ 1, 0, 1, 1, 0, 3, 0 ], [ 1, 0, 1, 1, 2, 0, 2 ], [ 1, 0, 1, 1, 1, 2, 1 ], 
          [ 1, 0, 1, 1, 0, 1, 2 ], [ 1, 0, 1, 1, 1, 1, 2 ], [ 1, 0, 1, 1, 0, 2, -1 ], [ 1, 0, 1, 1, 0, 0, 1 ], 
          [ 1, 0, 1, 1, 1, 0, 0 ], [ 1, 0, 1, 1, 2, 0, 1 ], [ 1, 0, 1, 1, -1, 2, 0 ], [ 1, 0, 1, 1, 0, 2, 1 ], 
          [ 1, 0, 1, 1, 1, 2, 0 ], [ 1, 0, 1, 1, 1, 0, 2 ], [ 1, 0, 2, 0, 0, 1, 1 ], [ 1, 0, 0, 2, 1, 1, 0 ], 
          [ 1, 1, 0, 0, 0, 0, 0 ], [ 1, 1, 0, 0, 2, 0, 0 ], [ 1, 1, 0, 0, 0, 2, 0 ], [ 1, 1, 0, 0, 2, -2, 2 ], 
          [ 1, 1, 0, 0, 0, 0, 2 ], [ 1, 1, 0, 0, 2, 0, 2 ], [ 1, 1, 0, 0, 0, 0, 1 ], [ 1, 1, 0, 0, 2, 0, 1 ], 
          [ 1, 1, 0, 0, 1, -1, 1 ], [ 1, 1, 0, 0, 0, 1, 0 ], [ 1, 1, 0, 0, 1, 1, 1 ], [ 1, 1, 0, 0, 2, -1, 2 ], 
          [ 1, 1, 0, 0, 2, -1, 1 ], [ 1, 1, 0, 0, 1, 0, 0 ], [ 1, 1, 0, 0, 1, 1, 0 ], [ 1, 1, 0, 0, 0, 1, 1 ], 
          [ 1, 1, 0, 0, 1, 0, 2 ], [ 1, 1, 0, 0, 1, -1, 2 ], [ 1, 1, 0, 1, 0, 0, 0 ], [ 1, 1, 0, 1, 2, 0, 0 ], 
          [ 1, 1, 0, 1, 0, 1, -1 ], [ 1, 1, 1, 0, -1, 1, 0 ], [ 1, 1, 0, 1, 0, 2, 0 ], [ 1, 1, 0, 1, 2, -1, 1 ], 
          [ 1, 1, 1, 0, 1, 1, 0 ], [ 1, 1, 0, 1, 1, 1, -1 ], [ 1, 1, 1, 0, 0, 0, 0 ], [ 1, 1, 0, 1, 0, 1, 1 ], 
          [ 1, 1, 1, 0, 1, -1, 2 ], [ 1, 1, 0, 1, 1, -1, 1 ], [ 1, 1, 1, 0, 0, 2, 0 ], [ 1, 1, 0, 1, 0, 2, -1 ], 
          [ 1, 1, 1, 0, 1, 0, 0 ], [ 1, 1, 0, 1, 1, 1, 1 ], [ 1, 1, 1, 0, 0, 0, 2 ], [ 1, 1, 0, 1, 0, 0, 1 ], 
          [ 1, 1, 1, 0, -1, 2, 0 ], [ 1, 1, 1, 0, 1, -1, 1 ], [ 1, 1, 0, 1, 2, 0, 1 ], [ 1, 1, 1, 0, 1, 0, 2 ], 
          [ 1, 1, 1, 0, -1, 1, 1 ], [ 1, 1, 1, 0, 1, 1, 1 ], [ 1, 1, 0, 1, 1, 0, -1 ], [ 1, 1, 0, 1, -1, 2, -1 ], 
          [ 1, 1, 0, 1, 1, -1, 0 ], [ 1, 1, 1, 0, 0, 1, -1 ], [ 1, 1, 0, 1, 1, 2, -1 ], [ 1, 1, 0, 1, -1, 1, 0 ], 
          [ 1, 1, 1, 0, 0, -1, 1 ], [ 1, 1, 0, 1, 2, -1, 0 ], [ 1, 1, 1, 0, -1, 2, -1 ], [ 1, 1, 0, 1, 1, -1, 2 ], 
          [ 1, 1, 1, 0, 2, -1, 1 ], [ 1, 1, 0, 1, 2, 1, 0 ], [ 1, 1, 1, 0, -1, 0, 1 ], [ 1, 1, 0, 1, -1, 2, 0 ], 
          [ 1, 1, 1, 0, 0, 2, -1 ], [ 1, 1, 0, 1, 2, -1, 2 ], [ 1, 1, 1, 0, -1, 2, 1 ], [ 1, 1, 0, 1, 1, 2, 0 ], 
          [ 1, 1, 1, 0, 2, 0, 1 ], [ 1, 1, 1, 0, 0, -1, 2 ], [ 1, 1, 0, 1, 1, 0, 2 ], [ 1, 1, 1, 0, 0, 2, 1 ], 
          [ 1, 1, 1, 0, 2, -1, 2 ], [ 1, 1, 1, 0, 0, 1, 2 ], [ 1, 1, 1, -1, 0, 0, 1 ], [ 1, 1, 1, -1, 1, 0, 1 ], 
          [ 1, 1, -1, 1, 1, 0, 0 ], [ 1, 1, 1, -1, 0, 1, 1 ], [ 1, 1, 1, -1, 1, -1, 2 ], [ 1, 1, -1, 1, 2, 0, 0 ], 
          [ 1, 1, 1, -1, 0, 0, 2 ], [ 1, 1, -1, 1, 2, -1, 1 ], [ 1, 1, -1, 1, 1, 1, 0 ], [ 1, 1, 1, -1, 1, 0, 2 ], 
          [ 1, 1, -1, 1, 1, 0, 1 ], [ 1, 1, -1, 1, 2, 0, 1 ], [ 1, 1, 1, 1, -1, 1, -1 ], [ 1, 1, 1, 1, 1, 1, -1 ], 
          [ 1, 1, 1, 1, -1, 3, -1 ], [ 1, 1, 1, 1, 1, -1, 1 ], [ 1, 1, 1, 1, -1, 1, 1 ], [ 1, 1, 1, 1, 1, 1, 1 ], 
          [ 1, 1, 1, 1, -1, 1, 0 ], [ 1, 1, 1, 1, 1, 1, 0 ], [ 1, 1, 1, 1, 0, 0, 0 ], [ 1, 1, 1, 1, -1, 2, -1 ], 
          [ 1, 1, 1, 1, 0, 2, 0 ], [ 1, 1, 1, 1, 1, 0, 1 ], [ 1, 1, 1, 1, 1, 0, 0 ], [ 1, 1, 1, 1, 0, 1, -1 ], 
          [ 1, 1, 1, 1, 0, 2, -1 ], [ 1, 1, 1, 1, -1, 2, 0 ], [ 1, 1, 1, 1, 0, 1, 1 ], [ 1, 1, 1, 1, 0, 0, 1 ], 
          [ 1, 2, 0, 0, 0, 0, 0 ], [ 1, 2, 0, 0, 1, 0, 0 ], [ 1, 2, 0, 0, 0, 1, 0 ], [ 1, 2, 0, 0, 1, -1, 1 ], 
          [ 1, 2, 0, 0, 0, 0, 1 ], [ 1, 2, 0, 0, 1, 0, 1 ], [ 1, 2, 0, 1, 0, 0, 0 ], [ 1, 2, 0, 1, 1, 0, 0 ], 
          [ 1, 2, 0, 1, 0, 1, -1 ], [ 1, 2, 1, 0, -1, 1, 0 ], [ 1, 2, 0, 1, 0, 1, 0 ], [ 1, 2, 1, 0, 0, 1, 0 ], 
          [ 1, 2, 1, 0, 0, 0, 0 ], [ 1, 2, 1, 0, 0, 0, 1 ], [ 1, 0, 1, 0, 1, 0, 1 ], [ 1, 0, 1, 0, 0, 1, 1 ], 
          [ 1, 0, 1, 0, 1, 1, 1 ], [ 1, 0, 1, 0, 1, 0, 2 ], [ 1, 0, 0, 1, 1, 1, 0 ], [ 1, 0, 0, 1, 1, 0, 1 ], 
          [ 1, 0, 0, 1, 2, 0, 1 ], [ 1, 0, 0, 1, 1, 1, 1 ], [ 1, 0, 1, 1, 0, 1, 0 ], [ 1, 0, 1, 1, 1, 1, 0 ], 
          [ 1, 0, 1, 1, 0, 2, 0 ], [ 1, 0, 1, 1, 1, 0, 1 ], [ 1, 0, 1, 1, 0, 1, 1 ], [ 1, 0, 1, 1, 1, 1, 1 ], 
          [ 1, 1, 0, 0, 1, 0, 1 ], [ 1, 1, 1, 0, 0, 1, 0 ], [ 1, 1, 1, 0, 0, 0, 1 ], [ 1, 1, 1, 0, 1, 0, 1 ], 
          [ 1, 1, 1, 0, 0, 1, 1 ], [ 1, 1, 0, 1, 1, 0, 0 ], [ 1, 1, 0, 1, 0, 1, 0 ], [ 1, 1, 0, 1, 1, 1, 0 ], 
          [ 1, 1, 0, 1, 1, 0, 1 ], [ 1, 1, 1, 1, 0, 1, 0 ] ],
      TheQuadForm := [ [ 6, 2, 2, 2, 2, 2 ], [ 2, 6, 2, 2, 0, 0 ], [ 2, 2, 6, 0, 0, 2 ], [ 2, 2, 0, 4, 2, 0 ], 
          [ 2, 0, 0, 2, 4, 2 ], [ 2, 0, 2, 0, 2, 4 ] ],
      TheQuadFunction := [ [ 20, -9, -7, -7, -6, -6, -6 ], [ -9, 6, 2, 2, 2, 2, 2 ], [ -7, 2, 6, 2, 2, 0, 0 ], 
          [ -7, 2, 2, 6, 0, 0, 2 ], [ -6, 2, 2, 0, 4, 2, 0 ], [ -6, 2, 0, 0, 2, 4, 2 ], [ -6, 2, 0, 2, 0, 2, 4 ] ],
      TheStab := rec(
          GRPperm := Group( [ ( 3, 4)( 5, 6)(10,12)(11,13)(16,17)(22,23), ( 2, 3)( 6, 7)( 9,10)(13,14)(17,18)(21,22),
              ( 1, 2)( 7, 8)(10,11)(12,13)(18,19)(20,21), ( 1, 5)( 2, 6)( 3, 7)( 4, 8)(11,12)(16,20)(17,21)(18,22)
                (19,23) ] ),
          TheMatrGRP := 
           Group(
            [ [ [ 1, 0, 0, 0, 0, 0, 0 ], [ 0, 1, 0, 0, 0, 0, 0 ], [ 0, 0, 1, 0, 0, 0, 0 ], [ 0, 0, 0, 1, 0, 1, -1 ], 
                  [ 0, 0, 0, 0, 1, -1, 1 ], [ 0, 0, 0, 0, 0, 0, 1 ], [ 0, 0, 0, 0, 0, 1, 0 ] ], 
              [ [ 1, 0, 0, 0, 3, 0, 0 ], [ 0, 1, 0, 0, -1, 0, 0 ], [ 0, 0, 1, 0, -1, 0, 0 ], [ 0, 0, 0, 1, 0, 0, 0 ],
                  [ 0, 0, 0, 0, -1, 0, 0 ], [ 0, 0, 0, 0, -1, 1, 0 ], [ 0, 0, 0, 0, 0, 0, 1 ] ], 
              [ [ 1, 0, 0, 0, 0, 0, 0 ], [ 0, 1, 0, 0, 0, 0, 0 ], [ 0, 0, 1, 0, -1, 1, 0 ], [ 0, 0, 0, 1, 0, 0, 0 ], 
                  [ 0, 0, 0, 0, 0, 1, 0 ], [ 0, 0, 0, 0, 1, 0, 0 ], [ 0, 0, 0, 0, 1, -1, 1 ] ], 
              [ [ 1, 0, 0, 0, 0, 0, 0 ], [ 0, 1, 0, 0, 0, 0, 0 ], [ 0, 0, 0, 1, 0, 1, -1 ], [ 0, 0, 1, 0, -1, 1, 0 ],
                  [ 0, 0, 0, 0, 1, 0, 0 ], [ 0, 0, 0, 0, 1, -1, 1 ], [ 0, 0, 0, 0, 0, 0, 1 ] ] ]),
          phi := GroupHomomorphismByImages( Group( [ ( 3, 4)( 5, 6)(10,12)(11,13)(16,17)(22,23), 
              ( 2, 3)( 6, 7)( 9,10)(13,14)(17,18)(21,22), ( 1, 2)( 7, 8)(10,11)(12,13)(18,19)(20,21), 
              ( 1, 5)( 2, 6)( 3, 7)( 4, 8)(11,12)(16,20)(17,21)(18,22)(19,23) ] ), Group(
            [ [ [ 1, 0, 0, 0, 0, 0, 0 ], [ 0, 1, 0, 0, 0, 0, 0 ], [ 0, 0, 1, 0, 0, 0, 0 ], [ 0, 0, 0, 1, 0, 1, -1 ], 
                  [ 0, 0, 0, 0, 1, -1, 1 ], [ 0, 0, 0, 0, 0, 0, 1 ], [ 0, 0, 0, 0, 0, 1, 0 ] ], 
              [ [ 1, 0, 0, 0, 3, 0, 0 ], [ 0, 1, 0, 0, -1, 0, 0 ], [ 0, 0, 1, 0, -1, 0, 0 ], [ 0, 0, 0, 1, 0, 0, 0 ],
                  [ 0, 0, 0, 0, -1, 0, 0 ], [ 0, 0, 0, 0, -1, 1, 0 ], [ 0, 0, 0, 0, 0, 0, 1 ] ], 
              [ [ 1, 0, 0, 0, 0, 0, 0 ], [ 0, 1, 0, 0, 0, 0, 0 ], [ 0, 0, 1, 0, -1, 1, 0 ], [ 0, 0, 0, 1, 0, 0, 0 ], 
                  [ 0, 0, 0, 0, 0, 1, 0 ], [ 0, 0, 0, 0, 1, 0, 0 ], [ 0, 0, 0, 0, 1, -1, 1 ] ], 
              [ [ 1, 0, 0, 0, 0, 0, 0 ], [ 0, 1, 0, 0, 0, 0, 0 ], [ 0, 0, 0, 1, 0, 1, -1 ], [ 0, 0, 1, 0, -1, 1, 0 ],
                  [ 0, 0, 0, 0, 1, 0, 0 ], [ 0, 0, 0, 0, 1, -1, 1 ], [ 0, 0, 0, 0, 0, 0, 1 ] ] ]), 
            [ ( 3, 4)( 5, 6)(10,12)(11,13)(16,17)(22,23), ( 2, 3)( 6, 7)( 9,10)(13,14)(17,18)(21,22), 
              ( 1, 2)( 7, 8)(10,11)(12,13)(18,19)(20,21), ( 1, 5)( 2, 6)( 3, 7)( 4, 8)(11,12)(16,20)(17,21)(18,22)
                (19,23) ], 
            [ [ [ 1, 0, 0, 0, 0, 0, 0 ], [ 0, 1, 0, 0, 0, 0, 0 ], [ 0, 0, 1, 0, 0, 0, 0 ], [ 0, 0, 0, 1, 0, 1, -1 ], 
                  [ 0, 0, 0, 0, 1, -1, 1 ], [ 0, 0, 0, 0, 0, 0, 1 ], [ 0, 0, 0, 0, 0, 1, 0 ] ], 
              [ [ 1, 0, 0, 0, 3, 0, 0 ], [ 0, 1, 0, 0, -1, 0, 0 ], [ 0, 0, 1, 0, -1, 0, 0 ], [ 0, 0, 0, 1, 0, 0, 0 ],
                  [ 0, 0, 0, 0, -1, 0, 0 ], [ 0, 0, 0, 0, -1, 1, 0 ], [ 0, 0, 0, 0, 0, 0, 1 ] ], 
              [ [ 1, 0, 0, 0, 0, 0, 0 ], [ 0, 1, 0, 0, 0, 0, 0 ], [ 0, 0, 1, 0, -1, 1, 0 ], [ 0, 0, 0, 1, 0, 0, 0 ], 
                  [ 0, 0, 0, 0, 0, 1, 0 ], [ 0, 0, 0, 0, 1, 0, 0 ], [ 0, 0, 0, 0, 1, -1, 1 ] ], 
              [ [ 1, 0, 0, 0, 0, 0, 0 ], [ 0, 1, 0, 0, 0, 0, 0 ], [ 0, 0, 0, 1, 0, 1, -1 ], [ 0, 0, 1, 0, -1, 1, 0 ],
                  [ 0, 0, 0, 0, 1, 0, 0 ], [ 0, 0, 0, 0, 1, -1, 1 ], [ 0, 0, 0, 0, 0, 0, 1 ] ] ] ) ),
      VectSpace := [  ],
      n := 6 ), rec(
      EXT := [ [ 1, 0, 0, 0, 1, 1, 2 ], [ 1, 0, 0, 0, 2, 1, 3 ], [ 1, 0, 0, 1, 1, 0, 2 ], [ 1, 0, 0, 1, 1, 1, 2 ], 
          [ 1, 0, 0, 1, 1, 0, 3 ], [ 1, 0, 1, 0, 1, 1, 0 ], [ 1, 0, 1, 0, 1, 2, 0 ], [ 1, 0, 1, 0, 1, 1, 1 ], 
          [ 1, 0, 1, 1, 0, 1, -1 ], [ 1, 0, 1, 1, 0, 0, 0 ], [ 1, 0, 1, 1, 0, 1, 0 ], [ 1, 0, 1, 1, 1, 1, 0 ], 
          [ 1, 0, 1, 1, 1, 0, 1 ], [ 1, 0, 1, 1, 1, 1, 1 ], [ 1, 1, 0, 0, 1, 1, 1 ], [ 1, 1, 0, 0, 1, 0, 2 ], 
          [ 1, 1, 0, 0, 1, 1, 2 ], [ 1, 1, 0, 1, 0, 0, 1 ], [ 1, 1, 0, 1, 1, 0, 2 ], [ 1, 1, 1, 0, 0, 1, -1 ], 
          [ 1, 1, 1, 0, 1, 1, 0 ], [ 1, 1, 1, 1, 0, 0, -1 ], [ 1, 1, 1, 1, 0, 1, -1 ], [ 1, 1, 1, 1, 0, 0, 0 ] ],
      ListAdjacentVert := [ [ 1, -1, 1, 1, 1, 1, 1 ], [ 1, 0, 1, 2, 0, 0, 0 ], [ 1, 0, 2, 1, 0, 1, -2 ], 
          [ 1, 0, -1, 0, 2, 0, 5 ], [ 1, 1, -1, 1, 1, -1, 4 ], [ 1, 0, -1, 0, 2, 1, 5 ], [ 1, 0, 0, -1, 2, 1, 3 ], 
          [ 1, 0, -1, 0, 2, 1, 4 ], [ 1, 1, -1, 1, 1, 0, 4 ], [ 1, 1, 1, -1, 1, 1, 0 ], [ 1, 1, -1, 1, 1, 0, 3 ], 
          [ 1, 0, 0, -1, 2, 2, 3 ], [ 1, 2, 0, 1, 0, -1, 1 ], [ 1, 0, 0, -1, 2, 2, 2 ], [ 1, 1, 1, -1, 1, 2, 0 ], 
          [ 1, 2, 1, 0, 0, 0, -1 ], [ 1, 1, 1, -1, 1, 2, -1 ], [ 1, 2, 0, 1, 0, 0, 1 ], [ 1, 2, 0, 1, 0, 0, 0 ], 
          [ 1, 2, 1, 0, 0, 1, -1 ], [ 1, 2, 1, 0, 0, 1, -2 ], [ 1, 0, -1, 1, 1, 0, 4 ], [ 1, 0, 1, -1, 1, 2, 0 ], 
          [ 1, 0, -1, 1, 2, 0, 5 ], [ 1, 2, 1, 1, -1, 0, -2 ], [ 1, 0, 1, -1, 2, 2, 1 ], [ 1, 2, 1, 1, 0, 0, -1 ], 
          [ 1, 0, 0, 0, 0, 1, 1 ], [ 1, 1, 0, 1, -1, 0, 0 ], [ 1, 0, 0, 0, 3, 1, 4 ], [ 1, 1, 1, 0, -1, 1, -2 ], 
          [ 1, 1, 0, 1, 2, 0, 3 ], [ 1, 1, 1, 0, 2, 1, 1 ], [ 1, 0, 0, 0, 1, 0, 2 ], [ 1, 1, 0, 1, 0, -1, 1 ], 
          [ 1, 0, 0, 0, 1, 2, 2 ], [ 1, 0, 0, 0, 1, 1, 1 ], [ 1, 0, 0, 0, 2, 0, 3 ], [ 1, 1, 0, 1, 0, 1, 1 ], 
          [ 1, 1, 1, 0, 0, 0, -1 ], [ 1, 1, 0, 1, 0, 0, 0 ], [ 1, 1, 0, 1, 1, -1, 2 ], [ 1, 0, 0, 0, 1, 1, 3 ], 
          [ 1, 0, 0, 0, 2, 2, 3 ], [ 1, 0, 0, 0, 1, 2, 1 ], [ 1, 0, 0, 0, 2, 1, 2 ], [ 1, 1, 1, 0, 0, 2, -1 ], 
          [ 1, 1, 0, 1, 0, 0, 2 ], [ 1, 1, 0, 1, 1, 1, 2 ], [ 1, 1, 1, 0, 0, 1, -2 ], [ 1, 1, 1, 0, 1, 0, 0 ], 
          [ 1, 1, 0, 1, 0, 1, 0 ], [ 1, 1, 0, 1, 1, 0, 1 ], [ 1, 0, 0, 0, 1, 0, 3 ], [ 1, 0, 0, 0, 2, 1, 4 ], 
          [ 1, 0, 0, 0, 2, 2, 2 ], [ 1, 1, 1, 0, 0, 1, 0 ], [ 1, 1, 1, 0, 1, 2, 0 ], [ 1, 1, 0, 1, 0, -1, 2 ], 
          [ 1, 1, 0, 1, 1, 0, 3 ], [ 1, 1, 1, 0, 0, 2, -2 ], [ 1, 1, 1, 0, 1, 1, -1 ], [ 1, 1, 0, 1, 1, 1, 1 ], 
          [ 1, 0, 0, 0, 2, 0, 4 ], [ 1, 1, 1, 0, 0, 0, 0 ], [ 1, 1, 1, 0, 1, 1, 1 ], [ 1, 1, 0, 1, 1, -1, 3 ], 
          [ 1, 1, 1, 0, 1, 2, -1 ], [ 1, 1, 1, 0, 1, 0, 1 ], [ 1, 0, 0, 1, 0, 0, 1 ], [ 1, 0, 0, 1, 0, 1, 1 ], 
          [ 1, 0, 1, 0, 0, 1, -1 ], [ 1, 0, 0, 1, 2, 0, 3 ], [ 1, 0, 1, 0, 0, 2, -1 ], [ 1, 0, 0, 1, 0, 0, 2 ], 
          [ 1, 0, 0, 1, 2, 1, 3 ], [ 1, 1, 1, 1, -1, 0, -2 ], [ 1, 0, 1, 0, 2, 1, 1 ], [ 1, 1, 1, 1, -1, 1, -2 ], 
          [ 1, 0, 1, 0, 0, 1, 0 ], [ 1, 0, 1, 0, 2, 2, 1 ], [ 1, 0, 0, 1, 2, 0, 4 ], [ 1, 1, 1, 1, 1, 0, 0 ], 
          [ 1, 1, 1, 1, -1, 0, -1 ], [ 1, 1, 1, 1, 1, 1, 0 ], [ 1, 0, 1, 0, 2, 1, 2 ], [ 1, 1, 1, 1, 1, 0, 1 ], 
          [ 1, 0, 0, 1, 0, 1, 0 ], [ 1, 0, 1, 0, 0, 2, -2 ], [ 1, 0, 0, 1, 0, -1, 2 ], [ 1, 0, 0, 1, 2, 1, 2 ], 
          [ 1, 1, 1, 1, -1, 1, -3 ], [ 1, 0, 1, 0, 0, 0, 0 ], [ 1, 0, 1, 0, 2, 2, 0 ], [ 1, 0, 0, 1, 0, 1, 2 ], 
          [ 1, 0, 0, 1, 2, -1, 4 ], [ 1, 1, 1, 1, -1, -1, -1 ], [ 1, 1, 1, 1, 1, 1, -1 ], [ 1, 0, 1, 0, 0, 2, 0 ], 
          [ 1, 0, 1, 0, 2, 0, 2 ], [ 1, 0, 0, 1, 2, 1, 4 ], [ 1, 1, 1, 1, -1, 1, -1 ], [ 1, 1, 1, 1, 1, -1, 1 ], 
          [ 1, 0, 1, 0, 2, 2, 2 ], [ 1, 1, 1, 1, 1, 1, 1 ], [ 1, 0, 0, 1, 1, 0, 1 ], [ 1, 0, 0, 1, 1, 2, 1 ], 
          [ 1, 0, 1, 0, 1, 1, -1 ], [ 1, 0, 0, 1, 1, -1, 2 ], [ 1, 0, 1, 0, 1, 3, -1 ], [ 1, 0, 0, 1, 1, -1, 4 ], 
          [ 1, 1, 1, 1, 0, 0, -2 ], [ 1, 0, 1, 0, 1, 0, 0 ], [ 1, 0, 0, 1, 1, 2, 2 ], [ 1, 1, 1, 1, 0, 2, -2 ], 
          [ 1, 0, 1, 0, 1, 0, 2 ], [ 1, 0, 0, 1, 1, 0, 4 ], [ 1, 1, 1, 1, 0, -1, -1 ], [ 1, 0, 1, 0, 1, 3, 0 ], 
          [ 1, 1, 1, 1, 0, -1, 1 ], [ 1, 0, 1, 0, 1, 1, 2 ], [ 1, 1, 1, 1, 0, 2, -1 ], [ 1, 1, 1, 1, 0, 0, 1 ], 
          [ 1, 0, 0, 1, 1, 1, 1 ], [ 1, 0, 1, 0, 1, 2, -1 ], [ 1, 0, 0, 1, 1, -1, 3 ], [ 1, 1, 1, 1, 0, 1, -2 ], 
          [ 1, 0, 1, 0, 1, 0, 1 ], [ 1, 0, 0, 1, 1, 1, 3 ], [ 1, 1, 1, 1, 0, -1, 0 ], [ 1, 0, 1, 0, 1, 2, 1 ], 
          [ 1, 1, 1, 1, 0, 1, 0 ], [ 1, 0, 1, 1, -1, 0, -1 ], [ 1, 0, 1, 1, -1, 1, -1 ], [ 1, 0, 1, 1, -1, 1, -2 ], 
          [ 1, 0, 1, 1, 2, 0, 2 ], [ 1, 0, 1, 1, 2, 1, 2 ], [ 1, 0, 1, 1, 2, 1, 1 ], [ 1, 0, 1, 1, 0, 0, -1 ], 
          [ 1, 0, 1, 1, 0, 2, -1 ], [ 1, 0, 1, 1, 1, 0, 0 ], [ 1, 0, 1, 1, 0, 0, 1 ], [ 1, 0, 1, 1, 1, 2, 0 ], 
          [ 1, 0, 1, 1, 1, 0, 2 ], [ 1, 0, 1, 1, 0, 1, -2 ], [ 1, 0, 1, 1, 0, 2, -2 ], [ 1, 0, 1, 1, 0, -1, 0 ], 
          [ 1, 0, 1, 1, 1, 1, -1 ], [ 1, 0, 1, 1, 0, -1, 1 ], [ 1, 0, 1, 1, 1, 2, -1 ], [ 1, 0, 1, 1, 0, 2, 0 ], 
          [ 1, 0, 1, 1, 1, -1, 1 ], [ 1, 0, 1, 1, 0, 1, 1 ], [ 1, 0, 1, 1, 1, -1, 2 ], [ 1, 0, 1, 1, 1, 2, 1 ], 
          [ 1, 0, 1, 1, 1, 1, 2 ], [ 1, 1, -1, 0, 1, 0, 3 ], [ 1, 1, -1, 0, 1, 1, 3 ], [ 1, 1, 0, -1, 1, 1, 1 ], 
          [ 1, 1, -1, 0, 2, 0, 4 ], [ 1, 1, 0, -1, 1, 2, 1 ], [ 1, 1, -1, 0, 1, 0, 4 ], [ 1, 1, -1, 0, 2, 1, 4 ], 
          [ 1, 2, 0, 0, 0, 0, 0 ], [ 1, 1, 0, -1, 2, 1, 2 ], [ 1, 2, 0, 0, 0, 1, 0 ], [ 1, 1, 0, -1, 1, 1, 2 ], 
          [ 1, 1, 0, -1, 2, 2, 2 ], [ 1, 1, -1, 0, 2, 0, 5 ], [ 1, 2, 0, 0, 1, 0, 1 ], [ 1, 2, 0, 0, 0, 0, 1 ], 
          [ 1, 2, 0, 0, 1, 1, 1 ], [ 1, 1, 0, -1, 2, 1, 3 ], [ 1, 2, 0, 0, 1, 0, 2 ], [ 1, 1, 0, 0, 0, 0, 0 ], 
          [ 1, 1, 0, 0, 0, 2, 0 ], [ 1, 1, 0, 0, 2, 0, 2 ], [ 1, 1, 0, 0, 0, 0, 2 ], [ 1, 1, 0, 0, 2, 2, 2 ], 
          [ 1, 1, 0, 0, 2, 0, 4 ], [ 1, 1, 0, 0, 0, 0, 1 ], [ 1, 1, 0, 0, 0, 1, 1 ], [ 1, 1, 0, 0, 0, 1, 0 ], 
          [ 1, 1, 0, 0, 2, 0, 3 ], [ 1, 1, 0, 0, 2, 1, 3 ], [ 1, 1, 0, 0, 2, 1, 2 ], [ 1, 1, 0, 0, 1, 0, 1 ], 
          [ 1, 1, 0, 0, 1, 2, 1 ], [ 1, 1, 0, 0, 1, 0, 3 ], [ 1, 1, 0, 0, 1, 1, 0 ], [ 1, 1, 0, 0, 1, 2, 0 ], 
          [ 1, 1, 0, 0, 1, -1, 2 ], [ 1, 1, 0, 0, 1, -1, 3 ], [ 1, 1, 0, 0, 1, 2, 2 ], [ 1, 1, 0, 0, 1, 1, 3 ], 
          [ 1, 0, 0, 0, 1, 1, 2 ], [ 1, 0, 0, 0, 2, 1, 3 ], [ 1, 0, 0, 1, 1, 0, 2 ], [ 1, 0, 0, 1, 1, 1, 2 ], 
          [ 1, 0, 0, 1, 1, 0, 3 ], [ 1, 0, 1, 0, 1, 1, 0 ], [ 1, 0, 1, 0, 1, 2, 0 ], [ 1, 0, 1, 0, 1, 1, 1 ], 
          [ 1, 0, 1, 1, 0, 1, -1 ], [ 1, 0, 1, 1, 0, 0, 0 ], [ 1, 0, 1, 1, 0, 1, 0 ], [ 1, 0, 1, 1, 1, 1, 0 ], 
          [ 1, 0, 1, 1, 1, 0, 1 ], [ 1, 0, 1, 1, 1, 1, 1 ], [ 1, 1, 0, 0, 1, 1, 1 ], [ 1, 1, 0, 0, 1, 0, 2 ], 
          [ 1, 1, 0, 0, 1, 1, 2 ], [ 1, 1, 0, 1, 0, 0, 1 ], [ 1, 1, 0, 1, 1, 0, 2 ], [ 1, 1, 1, 0, 0, 1, -1 ], 
          [ 1, 1, 1, 0, 1, 1, 0 ], [ 1, 1, 1, 1, 0, 0, -1 ], [ 1, 1, 1, 1, 0, 1, -1 ], [ 1, 1, 1, 1, 0, 0, 0 ] ],
      TheQuadForm := [ [ 6, 4, 2, 0, 2, 2 ], [ 4, 14, 0, -4, 2, 6 ], [ 2, 0, 6, 2, 2, 0 ], [ 0, -4, 2, 8, -2, -4 ], 
          [ 2, 2, 2, -2, 4, 2 ], [ 2, 6, 0, -4, 2, 4 ] ],
      TheQuadFunction := [ [ 20, -9, -13, -7, 0, -6, -6 ], [ -9, 6, 4, 2, 0, 2, 2 ], [ -13, 4, 14, 0, -4, 2, 6 ], 
          [ -7, 2, 0, 6, 2, 2, 0 ], [ 0, 0, -4, 2, 8, -2, -4 ], [ -6, 2, 2, 2, -2, 4, 2 ], [ -6, 2, 6, 0, -4, 2, 4 ] 
         ],
      TheStab := rec(
          GRPperm := Group( [ ( 1,18)( 2,19)( 6,22)( 7,23)( 8,24), ( 3, 4)( 6, 7)(10,11)(13,14)(16,17)(22,23), 
              ( 3, 6)( 4, 7)( 5, 8)(18,20)(19,21), ( 4, 5)( 7, 8)( 9,10)(12,13)(15,16)(23,24), 
              ( 1, 2)( 9,12)(10,13)(11,14)(18,19)(20,21) ] ),
          TheMatrGRP := 
           Group(
            [ [ [ 1, 1, 0, 1, -1, -1, -1 ], [ 0, 0, 0, -1, 1, 1, 1 ], [ 0, 0, 1, 0, 0, 0, 0 ], 
                  [ 0, -1, 0, 0, 1, 1, 1 ], [ 0, 0, 0, 0, 1, 0, 0 ], [ 0, 0, 0, 0, 0, 1, 0 ], 
                  [ 0, 0, 0, 0, 0, 0, 1 ] ], 
              [ [ 1, 0, 0, 0, 0, 3, 0 ], [ 0, 1, 0, 0, 0, -1, 0 ], [ 0, 0, 1, 0, 0, -1, 0 ], 
                  [ 0, 0, 0, 1, 0, -1, 0 ], [ 0, 0, 0, 0, 1, 1, 0 ], [ 0, 0, 0, 0, 0, -1, 0 ], 
                  [ 0, 0, 0, 0, 0, -1, 1 ] ], 
              [ [ 1, 0, 0, 0, 0, 0, 0 ], [ 0, 1, 0, 0, 0, 0, 0 ], [ 0, 0, 0, 1, 0, -1, 2 ], [ 0, 0, 1, 0, 0, 1, -2 ],
                  [ 0, 0, 0, 0, 1, 0, 0 ], [ 0, 0, 0, 0, 0, 1, 0 ], [ 0, 0, 0, 0, 0, 0, 1 ] ], 
              [ [ 1, 0, 0, 0, 0, 0, 0 ], [ 0, 1, 0, 0, 0, 0, 0 ], [ 0, 0, 1, 0, 0, 2, -2 ], [ 0, 0, 0, 1, 0, -1, 1 ],
                  [ 0, 0, 0, 0, 1, -1, 1 ], [ 0, 0, 0, 0, 0, 0, 1 ], [ 0, 0, 0, 0, 0, 1, 0 ] ], 
              [ [ 1, 0, 0, 0, 3, 0, 3 ], [ 0, 1, 0, 0, -1, 0, -1 ], [ 0, 0, 1, 0, -1, 0, -1 ], 
                  [ 0, 0, 0, 1, -1, 0, -1 ], [ 0, 0, 0, 0, -1, 0, -2 ], [ 0, 0, 0, 0, 0, 1, 0 ], 
                  [ 0, 0, 0, 0, 0, 0, 1 ] ] ]),
          phi := GroupHomomorphismByImages( Group( [ ( 1,18)( 2,19)( 6,22)( 7,23)( 8,24), 
              ( 3, 4)( 6, 7)(10,11)(13,14)(16,17)(22,23), ( 3, 6)( 4, 7)( 5, 8)(18,20)(19,21), 
              ( 4, 5)( 7, 8)( 9,10)(12,13)(15,16)(23,24), ( 1, 2)( 9,12)(10,13)(11,14)(18,19)(20,21) ] ), Group(
            [ [ [ 1, 1, 0, 1, -1, -1, -1 ], [ 0, 0, 0, -1, 1, 1, 1 ], [ 0, 0, 1, 0, 0, 0, 0 ], 
                  [ 0, -1, 0, 0, 1, 1, 1 ], [ 0, 0, 0, 0, 1, 0, 0 ], [ 0, 0, 0, 0, 0, 1, 0 ], 
                  [ 0, 0, 0, 0, 0, 0, 1 ] ], 
              [ [ 1, 0, 0, 0, 0, 3, 0 ], [ 0, 1, 0, 0, 0, -1, 0 ], [ 0, 0, 1, 0, 0, -1, 0 ], 
                  [ 0, 0, 0, 1, 0, -1, 0 ], [ 0, 0, 0, 0, 1, 1, 0 ], [ 0, 0, 0, 0, 0, -1, 0 ], 
                  [ 0, 0, 0, 0, 0, -1, 1 ] ], 
              [ [ 1, 0, 0, 0, 0, 0, 0 ], [ 0, 1, 0, 0, 0, 0, 0 ], [ 0, 0, 0, 1, 0, -1, 2 ], [ 0, 0, 1, 0, 0, 1, -2 ],
                  [ 0, 0, 0, 0, 1, 0, 0 ], [ 0, 0, 0, 0, 0, 1, 0 ], [ 0, 0, 0, 0, 0, 0, 1 ] ], 
              [ [ 1, 0, 0, 0, 0, 0, 0 ], [ 0, 1, 0, 0, 0, 0, 0 ], [ 0, 0, 1, 0, 0, 2, -2 ], [ 0, 0, 0, 1, 0, -1, 1 ],
                  [ 0, 0, 0, 0, 1, -1, 1 ], [ 0, 0, 0, 0, 0, 0, 1 ], [ 0, 0, 0, 0, 0, 1, 0 ] ], 
              [ [ 1, 0, 0, 0, 3, 0, 3 ], [ 0, 1, 0, 0, -1, 0, -1 ], [ 0, 0, 1, 0, -1, 0, -1 ], 
                  [ 0, 0, 0, 1, -1, 0, -1 ], [ 0, 0, 0, 0, -1, 0, -2 ], [ 0, 0, 0, 0, 0, 1, 0 ], 
                  [ 0, 0, 0, 0, 0, 0, 1 ] ] ]), [ ( 1,18)( 2,19)( 6,22)( 7,23)( 8,24), 
              ( 3, 4)( 6, 7)(10,11)(13,14)(16,17)(22,23), ( 3, 6)( 4, 7)( 5, 8)(18,20)(19,21), 
              ( 4, 5)( 7, 8)( 9,10)(12,13)(15,16)(23,24), ( 1, 2)( 9,12)(10,13)(11,14)(18,19)(20,21) ], 
            [ [ [ 1, 1, 0, 1, -1, -1, -1 ], [ 0, 0, 0, -1, 1, 1, 1 ], [ 0, 0, 1, 0, 0, 0, 0 ], 
                  [ 0, -1, 0, 0, 1, 1, 1 ], [ 0, 0, 0, 0, 1, 0, 0 ], [ 0, 0, 0, 0, 0, 1, 0 ], 
                  [ 0, 0, 0, 0, 0, 0, 1 ] ], 
              [ [ 1, 0, 0, 0, 0, 3, 0 ], [ 0, 1, 0, 0, 0, -1, 0 ], [ 0, 0, 1, 0, 0, -1, 0 ], 
                  [ 0, 0, 0, 1, 0, -1, 0 ], [ 0, 0, 0, 0, 1, 1, 0 ], [ 0, 0, 0, 0, 0, -1, 0 ], 
                  [ 0, 0, 0, 0, 0, -1, 1 ] ], 
              [ [ 1, 0, 0, 0, 0, 0, 0 ], [ 0, 1, 0, 0, 0, 0, 0 ], [ 0, 0, 0, 1, 0, -1, 2 ], [ 0, 0, 1, 0, 0, 1, -2 ],
                  [ 0, 0, 0, 0, 1, 0, 0 ], [ 0, 0, 0, 0, 0, 1, 0 ], [ 0, 0, 0, 0, 0, 0, 1 ] ], 
              [ [ 1, 0, 0, 0, 0, 0, 0 ], [ 0, 1, 0, 0, 0, 0, 0 ], [ 0, 0, 1, 0, 0, 2, -2 ], [ 0, 0, 0, 1, 0, -1, 1 ],
                  [ 0, 0, 0, 0, 1, -1, 1 ], [ 0, 0, 0, 0, 0, 0, 1 ], [ 0, 0, 0, 0, 0, 1, 0 ] ], 
              [ [ 1, 0, 0, 0, 3, 0, 3 ], [ 0, 1, 0, 0, -1, 0, -1 ], [ 0, 0, 1, 0, -1, 0, -1 ], 
                  [ 0, 0, 0, 1, -1, 0, -1 ], [ 0, 0, 0, 0, -1, 0, -2 ], [ 0, 0, 0, 0, 0, 1, 0 ], 
                  [ 0, 0, 0, 0, 0, 0, 1 ] ] ] ) ),
      VectSpace := [  ],
      n := 6 ), rec(
      EXT := [ [ 1, 0, 0, 1, 1, 1, 1 ], [ 1, 0, 1, 0, 1, 2, -1 ], [ 1, 0, 1, 1, 0, 1, -1 ], [ 1, 0, 1, 1, 1, 1, -1 ],
          [ 1, 0, 1, 1, 1, 2, -1 ], [ 1, 0, 1, 1, 0, 0, 0 ], [ 1, 0, 1, 1, 0, 1, 0 ], [ 1, 0, 1, 1, 1, 1, 0 ], 
          [ 1, 1, 0, 0, 1, 1, 1 ], [ 1, 1, 0, 0, 0, 0, 2 ], [ 1, 1, 0, 0, 1, 0, 2 ], [ 1, 1, 0, 0, 1, 1, 2 ], 
          [ 1, 1, 0, 1, 0, -1, 2 ], [ 1, 1, 0, 1, 0, 0, 2 ], [ 1, 1, 0, 1, 1, 0, 2 ], [ 1, 1, 0, 1, 0, -1, 3 ], 
          [ 1, 1, 1, 0, 0, 0, 0 ], [ 1, 1, 1, 0, 0, 1, 0 ], [ 1, 1, 1, 0, 1, 1, 0 ], [ 1, 1, 1, 0, 0, 0, 1 ], 
          [ 1, 1, 1, 1, 0, 0, 0 ], [ 1, 1, 1, 1, -1, -1, 1 ], [ 1, 1, 1, 1, 0, -1, 1 ], [ 1, 1, 1, 1, 0, 0, 1 ] ],
      ListAdjacentVert := [ [ 1, -1, 1, 1, 1, 2, -2 ], [ 1, -1, 1, 1, 1, 3, -2 ], [ 1, -1, 1, 1, 2, 3, -2 ], 
          [ 1, -1, 1, 1, 1, 2, -1 ], [ 1, 0, 0, 0, 1, 1, 0 ], [ 1, 0, 0, 0, 1, 3, 0 ], [ 1, 0, 0, 0, 3, 3, 0 ], 
          [ 1, 0, 0, 0, 1, 1, 2 ], [ 1, 0, 0, 0, 1, 1, 1 ], [ 1, 0, 0, 0, 1, 2, 1 ], [ 1, 0, 0, 0, 2, 2, 0 ], 
          [ 1, 0, 0, 0, 2, 3, 0 ], [ 1, 0, 0, 0, 2, 2, 1 ], [ 1, 0, 0, 0, 1, 2, 0 ], [ 1, 0, 0, 0, 2, 3, -1 ], 
          [ 1, 0, 0, 0, 0, 1, 1 ], [ 1, 0, 0, 0, 2, 1, 1 ], [ 1, 0, 0, 0, 2, 3, 1 ], [ 1, 0, 0, 1, 0, 0, 1 ], 
          [ 1, 0, 1, 0, 0, 1, -1 ], [ 1, 0, 0, 1, 0, 1, 1 ], [ 1, 0, 0, 1, 1, 1, 0 ], [ 1, 0, 0, 1, 1, 0, 1 ], 
          [ 1, 0, 1, 0, 0, 2, -1 ], [ 1, 0, 1, 0, 1, 2, -2 ], [ 1, 0, 1, 0, 1, 1, -1 ], [ 1, 0, 0, 1, 1, 2, 0 ], 
          [ 1, 0, 0, 1, 2, 1, 1 ], [ 1, 0, 0, 1, 1, 2, 1 ], [ 1, 0, 1, 0, 1, 3, -2 ], [ 1, 0, 1, 0, 2, 2, -1 ], 
          [ 1, 0, 1, 0, 1, 3, -1 ], [ 1, 0, 0, 1, 2, 2, 0 ], [ 1, 0, 0, 1, 2, 2, 1 ], [ 1, 0, 0, 1, 1, 0, 2 ], 
          [ 1, 0, 1, 0, 2, 3, -2 ], [ 1, 0, 1, 0, 2, 3, -1 ], [ 1, 0, 1, 0, 1, 1, 0 ], [ 1, 0, 0, 1, 0, 0, 2 ], 
          [ 1, 0, 0, 1, 1, 1, 2 ], [ 1, 0, 1, 0, 0, 1, 0 ], [ 1, 0, 1, 0, 1, 2, 0 ], [ 1, 0, 0, 1, 0, 1, 0 ], 
          [ 1, 0, 1, 0, 0, 2, -2 ], [ 1, 0, 0, 1, 2, 1, 0 ], [ 1, 0, 1, 0, 2, 2, -2 ], [ 1, 0, 0, 1, 2, 3, 0 ], 
          [ 1, 0, 0, 1, 0, -1, 2 ], [ 1, 0, 1, 0, 2, 4, -2 ], [ 1, 0, 1, 0, 0, 0, 0 ], [ 1, 0, 0, 1, 0, 1, 2 ], 
          [ 1, 0, 1, 0, 0, 2, 0 ], [ 1, 0, 0, 1, 2, 1, 2 ], [ 1, 0, 1, 0, 2, 2, 0 ], [ 1, 0, 1, 1, 0, 0, -1 ], 
          [ 1, 0, 1, 1, 0, 2, -1 ], [ 1, 0, 1, 1, 2, 2, -1 ], [ 1, 0, 1, 1, 0, 0, 1 ], [ 1, 0, 1, 1, 0, 1, -2 ], 
          [ 1, 0, 1, 1, 0, 2, -2 ], [ 1, 0, 1, 1, -1, 0, -1 ], [ 1, 0, 1, 1, 1, 1, -2 ], [ 1, 0, 1, 1, -1, 1, -1 ], 
          [ 1, 0, 1, 1, 2, 2, -2 ], [ 1, 0, 1, 1, 1, 0, -1 ], [ 1, 0, 1, 1, 1, 3, -2 ], [ 1, 0, 1, 1, -1, -1, 0 ], 
          [ 1, 0, 1, 1, 2, 1, -1 ], [ 1, 0, 1, 1, 2, 3, -2 ], [ 1, 0, 1, 1, -1, -1, 1 ], [ 1, 0, 1, 1, 1, 3, -1 ], 
          [ 1, 0, 1, 1, 0, -1, 0 ], [ 1, 0, 1, 1, -1, 1, 0 ], [ 1, 0, 1, 1, 2, 3, -1 ], [ 1, 0, 1, 1, 0, -1, 1 ], 
          [ 1, 0, 1, 1, -1, 0, 1 ], [ 1, 0, 1, 1, 0, 2, 0 ], [ 1, 0, 1, 1, 2, 1, 0 ], [ 1, 0, 1, 1, 0, 1, 1 ], 
          [ 1, 0, 1, 1, 1, 0, 1 ], [ 1, 0, 1, 1, 2, 2, 0 ], [ 1, 0, 1, 1, 1, 1, 1 ], [ 1, 0, 1, 1, 1, 2, -2 ], 
          [ 1, 0, 1, 1, -1, 0, 0 ], [ 1, 0, 1, 1, 1, 0, 0 ], [ 1, 0, 1, 1, 1, 2, 0 ], [ 1, 0, 1, 2, 0, 0, 0 ], 
          [ 1, 0, 2, 1, 0, 1, -2 ], [ 1, 1, -1, 0, 1, 0, 3 ], [ 1, 1, 0, -1, 1, 1, 1 ], [ 1, 1, -1, 0, 1, 1, 3 ], 
          [ 1, 1, 0, -1, 1, 2, 1 ], [ 1, 1, -1, 0, 2, 1, 3 ], [ 1, 1, 0, -1, 2, 2, 1 ], [ 1, 1, -1, 0, 1, 0, 4 ], 
          [ 1, 1, 0, -1, 1, 1, 2 ], [ 1, 1, -1, 1, 0, -1, 4 ], [ 1, 1, 1, -1, 0, 1, 0 ], [ 1, 1, -1, 1, 1, 0, 3 ], 
          [ 1, 1, -1, 1, 1, -1, 4 ], [ 1, 1, 1, -1, 1, 2, -1 ], [ 1, 1, 1, -1, 1, 1, 0 ], [ 1, 1, -1, 1, 1, 0, 4 ], 
          [ 1, 1, 1, -1, 1, 2, 0 ], [ 1, 1, 0, 0, 0, -1, 2 ], [ 1, 1, 0, 0, 0, 1, 2 ], [ 1, 1, 0, 0, 1, 0, 1 ], 
          [ 1, 1, 0, 0, 1, 2, 1 ], [ 1, 1, 0, 0, 2, 1, 2 ], [ 1, 1, 0, 0, 0, 0, 1 ], [ 1, 1, 0, 0, 2, 2, 1 ], 
          [ 1, 1, 0, 0, 1, 0, 3 ], [ 1, 1, 0, 0, 0, 1, 1 ], [ 1, 1, 0, 0, 2, 1, 1 ], [ 1, 1, 0, 0, 0, 0, 3 ], 
          [ 1, 1, 0, 0, 0, -1, 3 ], [ 1, 1, 0, 0, 1, 1, 0 ], [ 1, 1, 0, 0, 1, 2, 0 ], [ 1, 1, 0, 0, -1, -1, 2 ], 
          [ 1, 1, 0, 0, -1, 0, 2 ], [ 1, 1, 0, 0, 2, 2, 0 ], [ 1, 1, 0, 0, 1, -1, 2 ], [ 1, 1, 0, 0, 2, 0, 2 ], 
          [ 1, 1, 0, 0, -1, -1, 3 ], [ 1, 1, 0, 0, 1, 2, 2 ], [ 1, 1, 0, 0, 2, 2, 2 ], [ 1, 1, 0, 0, 1, -1, 3 ], 
          [ 1, 1, 0, 0, 1, 1, 3 ], [ 1, 1, 0, 1, -1, -1, 2 ], [ 1, 1, 1, 0, -1, 0, 0 ], [ 1, 1, 0, 1, 0, 0, 1 ], 
          [ 1, 1, 0, 1, 1, -1, 2 ], [ 1, 1, 1, 0, 0, 1, -1 ], [ 1, 1, 1, 0, 1, 0, 0 ], [ 1, 1, 0, 1, 1, 0, 1 ], 
          [ 1, 1, 0, 1, 1, 1, 2 ], [ 1, 1, 0, 1, 0, -2, 3 ], [ 1, 1, 1, 0, 1, 1, -1 ], [ 1, 1, 1, 0, 1, 2, 0 ], 
          [ 1, 1, 1, 0, 0, -1, 1 ], [ 1, 1, 0, 1, 1, 1, 1 ], [ 1, 1, 0, 1, -1, -2, 3 ], [ 1, 1, 0, 1, 0, 0, 3 ], 
          [ 1, 1, 1, 0, 1, 2, -1 ], [ 1, 1, 1, 0, -1, -1, 1 ], [ 1, 1, 1, 0, 0, 1, 1 ], [ 1, 1, 0, 1, -1, -1, 3 ], 
          [ 1, 1, 0, 1, 1, 0, 3 ], [ 1, 1, 1, 0, -1, 0, 1 ], [ 1, 1, 1, 0, 1, 1, 1 ], [ 1, 1, 0, 1, 1, -1, 3 ], 
          [ 1, 1, 1, 0, 1, 0, 1 ], [ 1, 1, 0, 1, 0, -1, 1 ], [ 1, 1, 1, 0, 0, 0, -1 ], [ 1, 1, 0, 1, 0, 1, 1 ], 
          [ 1, 1, 0, 1, -1, -2, 2 ], [ 1, 1, 1, 0, 0, 2, -1 ], [ 1, 1, 1, 0, -1, -1, 0 ], [ 1, 1, 0, 1, -1, 0, 2 ], 
          [ 1, 1, 0, 1, 2, 1, 1 ], [ 1, 1, 0, 1, 0, -2, 2 ], [ 1, 1, 1, 0, -1, 1, 0 ], [ 1, 1, 1, 0, 2, 2, -1 ], 
          [ 1, 1, 1, 0, 0, -1, 0 ], [ 1, 1, 0, 1, 2, 0, 2 ], [ 1, 1, 0, 1, -1, -2, 4 ], [ 1, 1, 0, 1, 0, 1, 2 ], 
          [ 1, 1, 1, 0, 2, 1, 0 ], [ 1, 1, 1, 0, -1, -1, 2 ], [ 1, 1, 1, 0, 0, 2, 0 ], [ 1, 1, 0, 1, 2, 1, 2 ], 
          [ 1, 1, 0, 1, 0, -2, 4 ], [ 1, 1, 1, 0, 2, 2, 0 ], [ 1, 1, 1, 0, 0, -1, 2 ], [ 1, 1, 0, 1, 0, -1, 4 ], 
          [ 1, 1, 1, 0, 0, 0, 2 ], [ 1, 1, 1, 1, -1, -2, 1 ], [ 1, 1, 1, 1, -1, 0, 1 ], [ 1, 1, 1, 1, 0, -1, 0 ], 
          [ 1, 1, 1, 1, 0, 1, 0 ], [ 1, 1, 1, 1, 1, 0, 1 ], [ 1, 1, 1, 1, -1, -1, 0 ], [ 1, 1, 1, 1, 1, 1, 0 ], 
          [ 1, 1, 1, 1, 0, -1, 2 ], [ 1, 1, 1, 1, -1, 0, 0 ], [ 1, 1, 1, 1, 1, 0, 0 ], [ 1, 1, 1, 1, -1, -1, 2 ], 
          [ 1, 1, 1, 1, -1, -2, 2 ], [ 1, 1, 1, 1, 0, 0, -1 ], [ 1, 1, 1, 1, 0, 1, -1 ], [ 1, 1, 1, 1, -2, -2, 1 ], 
          [ 1, 1, 1, 1, -2, -1, 1 ], [ 1, 1, 1, 1, 1, 1, -1 ], [ 1, 1, 1, 1, 0, -2, 1 ], [ 1, 1, 1, 1, 1, -1, 1 ], 
          [ 1, 1, 1, 1, -2, -2, 2 ], [ 1, 1, 1, 1, 0, 1, 1 ], [ 1, 1, 1, 1, 1, 1, 1 ], [ 1, 1, 1, 1, 0, -2, 2 ], 
          [ 1, 1, 1, 1, 0, 0, 2 ], [ 1, 2, 0, 0, 0, -1, 3 ], [ 1, 0, 0, 1, 1, 1, 1 ], [ 1, 0, 1, 0, 1, 2, -1 ], 
          [ 1, 0, 1, 1, 0, 1, -1 ], [ 1, 0, 1, 1, 1, 1, -1 ], [ 1, 0, 1, 1, 1, 2, -1 ], [ 1, 0, 1, 1, 0, 0, 0 ], 
          [ 1, 0, 1, 1, 0, 1, 0 ], [ 1, 0, 1, 1, 1, 1, 0 ], [ 1, 1, 0, 0, 1, 1, 1 ], [ 1, 1, 0, 0, 0, 0, 2 ], 
          [ 1, 1, 0, 0, 1, 0, 2 ], [ 1, 1, 0, 0, 1, 1, 2 ], [ 1, 1, 0, 1, 0, -1, 2 ], [ 1, 1, 0, 1, 0, 0, 2 ], 
          [ 1, 1, 0, 1, 1, 0, 2 ], [ 1, 1, 0, 1, 0, -1, 3 ], [ 1, 1, 1, 0, 0, 0, 0 ], [ 1, 1, 1, 0, 0, 1, 0 ], 
          [ 1, 1, 1, 0, 1, 1, 0 ], [ 1, 1, 1, 0, 0, 0, 1 ], [ 1, 1, 1, 1, 0, 0, 0 ], [ 1, 1, 1, 1, -1, -1, 1 ], 
          [ 1, 1, 1, 1, 0, -1, 1 ], [ 1, 1, 1, 1, 0, 0, 1 ] ],
      TheQuadForm := [ [ 10, -2, 4, 0, 2, -2 ], [ -2, 14, 0, 2, 2, 6 ], [ 4, 0, 6, 0, 2, 0 ], [ 0, 2, 0, 4, -2, 0 ], 
          [ 2, 2, 2, -2, 4, 2 ], [ -2, 6, 0, 0, 2, 4 ] ],
      TheQuadFunction := [ [ 20, -7, -13, -7, -2, -6, -6 ], [ -7, 10, -2, 4, 0, 2, -2 ], [ -13, -2, 14, 0, 2, 2, 6 ],
          [ -7, 4, 0, 6, 0, 2, 0 ], [ -2, 0, 2, 0, 4, -2, 0 ], [ -6, 2, 2, 2, -2, 4, 2 ], [ -6, -2, 6, 0, 0, 2, 4 ] ]
       ,
      TheStab := rec(
          GRPperm := Group( [ ( 3, 4)( 7, 8)(10,11)(14,15)(18,19)(22,23), ( 4, 6)( 5, 7)( 9,10)(15,16)(19,20)(21,22),
              ( 4, 5)( 6, 7)(11,12)(13,14)(17,18)(23,24), ( 1, 2)(13,17)(14,18)(15,19)(16,20) ] ),
          TheMatrGRP := 
           Group(
            [ [ [ 1, 0, 0, 0, 1, 0, 0 ], [ 0, 1, 0, 0, 0, 0, 0 ], [ 0, 0, 1, 0, -1, 0, 0 ], [ 0, 0, 0, 1, 0, 0, 0 ], 
                  [ 0, 0, 0, 0, -1, 0, 0 ], [ 0, 0, 0, 0, 1, 1, 0 ], [ 0, 0, 0, 0, 0, 0, 1 ] ], 
              [ [ 1, 0, 0, 0, 1, 1, -1 ], [ 0, 1, 0, 0, -2, -2, 2 ], [ 0, 0, 1, 0, 1, 1, -1 ], 
                  [ 0, 0, 0, 1, -1, -1, 1 ], [ 0, 0, 0, 0, 0, -1, 1 ], [ 0, 0, 0, 0, 0, 1, 0 ], 
                  [ 0, 0, 0, 0, 1, 1, 0 ] ], 
              [ [ 1, 0, 0, 0, 0, 3, 0 ], [ 0, 1, 0, 0, 0, -1, 0 ], [ 0, 0, 1, 0, 0, -1, 0 ], 
                  [ 0, 0, 0, 1, 0, -1, 0 ], [ 0, 0, 0, 0, 1, 1, 0 ], [ 0, 0, 0, 0, 0, -1, 0 ], 
                  [ 0, 0, 0, 0, 0, -1, 1 ] ], 
              [ [ 1, 0, 0, 0, 0, 0, 0 ], [ 0, 1, 0, 0, 0, 0, 0 ], [ 0, 0, 0, 1, 0, -1, 2 ], [ 0, 0, 1, 0, 0, 1, -2 ],
                  [ 0, 0, 0, 0, 1, 0, 0 ], [ 0, 0, 0, 0, 0, 1, 0 ], [ 0, 0, 0, 0, 0, 0, 1 ] ] ]),
          phi := GroupHomomorphismByImages( Group( [ ( 3, 4)( 7, 8)(10,11)(14,15)(18,19)(22,23), 
              ( 4, 6)( 5, 7)( 9,10)(15,16)(19,20)(21,22), ( 4, 5)( 6, 7)(11,12)(13,14)(17,18)(23,24), 
              ( 1, 2)(13,17)(14,18)(15,19)(16,20) ] ), Group(
            [ [ [ 1, 0, 0, 0, 1, 0, 0 ], [ 0, 1, 0, 0, 0, 0, 0 ], [ 0, 0, 1, 0, -1, 0, 0 ], [ 0, 0, 0, 1, 0, 0, 0 ], 
                  [ 0, 0, 0, 0, -1, 0, 0 ], [ 0, 0, 0, 0, 1, 1, 0 ], [ 0, 0, 0, 0, 0, 0, 1 ] ], 
              [ [ 1, 0, 0, 0, 1, 1, -1 ], [ 0, 1, 0, 0, -2, -2, 2 ], [ 0, 0, 1, 0, 1, 1, -1 ], 
                  [ 0, 0, 0, 1, -1, -1, 1 ], [ 0, 0, 0, 0, 0, -1, 1 ], [ 0, 0, 0, 0, 0, 1, 0 ], 
                  [ 0, 0, 0, 0, 1, 1, 0 ] ], 
              [ [ 1, 0, 0, 0, 0, 3, 0 ], [ 0, 1, 0, 0, 0, -1, 0 ], [ 0, 0, 1, 0, 0, -1, 0 ], 
                  [ 0, 0, 0, 1, 0, -1, 0 ], [ 0, 0, 0, 0, 1, 1, 0 ], [ 0, 0, 0, 0, 0, -1, 0 ], 
                  [ 0, 0, 0, 0, 0, -1, 1 ] ], 
              [ [ 1, 0, 0, 0, 0, 0, 0 ], [ 0, 1, 0, 0, 0, 0, 0 ], [ 0, 0, 0, 1, 0, -1, 2 ], [ 0, 0, 1, 0, 0, 1, -2 ],
                  [ 0, 0, 0, 0, 1, 0, 0 ], [ 0, 0, 0, 0, 0, 1, 0 ], [ 0, 0, 0, 0, 0, 0, 1 ] ] ]), 
            [ ( 3, 4)( 7, 8)(10,11)(14,15)(18,19)(22,23), ( 4, 6)( 5, 7)( 9,10)(15,16)(19,20)(21,22), 
              ( 4, 5)( 6, 7)(11,12)(13,14)(17,18)(23,24), ( 1, 2)(13,17)(14,18)(15,19)(16,20) ], 
            [ [ [ 1, 0, 0, 0, 1, 0, 0 ], [ 0, 1, 0, 0, 0, 0, 0 ], [ 0, 0, 1, 0, -1, 0, 0 ], [ 0, 0, 0, 1, 0, 0, 0 ], 
                  [ 0, 0, 0, 0, -1, 0, 0 ], [ 0, 0, 0, 0, 1, 1, 0 ], [ 0, 0, 0, 0, 0, 0, 1 ] ], 
              [ [ 1, 0, 0, 0, 1, 1, -1 ], [ 0, 1, 0, 0, -2, -2, 2 ], [ 0, 0, 1, 0, 1, 1, -1 ], 
                  [ 0, 0, 0, 1, -1, -1, 1 ], [ 0, 0, 0, 0, 0, -1, 1 ], [ 0, 0, 0, 0, 0, 1, 0 ], 
                  [ 0, 0, 0, 0, 1, 1, 0 ] ], 
              [ [ 1, 0, 0, 0, 0, 3, 0 ], [ 0, 1, 0, 0, 0, -1, 0 ], [ 0, 0, 1, 0, 0, -1, 0 ], 
                  [ 0, 0, 0, 1, 0, -1, 0 ], [ 0, 0, 0, 0, 1, 1, 0 ], [ 0, 0, 0, 0, 0, -1, 0 ], 
                  [ 0, 0, 0, 0, 0, -1, 1 ] ], 
              [ [ 1, 0, 0, 0, 0, 0, 0 ], [ 0, 1, 0, 0, 0, 0, 0 ], [ 0, 0, 0, 1, 0, -1, 2 ], [ 0, 0, 1, 0, 0, 1, -2 ],
                  [ 0, 0, 0, 0, 1, 0, 0 ], [ 0, 0, 0, 0, 0, 1, 0 ], [ 0, 0, 0, 0, 0, 0, 1 ] ] ] ) ),
      VectSpace := [  ],
      n := 6 ) ];
