return [ rec(
      EXT := [ [ 1, 0, 0, 0, 0, 0, 0 ], [ 1, 0, 1, 0, 0, 0, 0 ], [ 1, 1, 0, 0, 0, 0, 0 ], [ 1, 1, 1, 0, 0, 0, 0 ] ],
      ListAdjacentVert := [ [ 1, -1, 0, 0, 0, 0, 0 ], [ 1, -1, 1, 0, 0, 0, 0 ], [ 1, 2, 0, 0, 0, 0, 0 ], 
          [ 1, 2, 1, 0, 0, 0, 0 ], [ 1, 0, -1, 0, 0, 0, 0 ], [ 1, 0, 2, 0, 0, 0, 0 ], [ 1, 1, -1, 0, 0, 0, 0 ], 
          [ 1, 1, 2, 0, 0, 0, 0 ], [ 1, 0, 0, 0, 0, 0, 0 ], [ 1, 0, 1, 0, 0, 0, 0 ], [ 1, 1, 0, 0, 0, 0, 0 ], 
          [ 1, 1, 1, 0, 0, 0, 0 ] ],
      TheQuadForm := [ [ 4, 0, 0, 0, 0, 0 ], [ 0, 2, 0, 0, 0, 0 ], [ 0, 0, 0, 0, 0, 0 ], [ 0, 0, 0, 0, 0, 0 ], 
          [ 0, 0, 0, 0, 0, 0 ], [ 0, 0, 0, 0, 0, 0 ] ],
      TheQuadFunction := [ [ 0, -2, -1, 0, 0, 0, 0 ], [ -2, 4, 0, 0, 0, 0, 0 ], [ -1, 0, 2, 0, 0, 0, 0 ], 
          [ 0, 0, 0, 0, 0, 0, 0 ], [ 0, 0, 0, 0, 0, 0, 0 ], [ 0, 0, 0, 0, 0, 0, 0 ], [ 0, 0, 0, 0, 0, 0, 0 ] ],
      TheStab := rec(
          GRPperm := Group( [ (1,2)(3,4), (1,3)(2,4) ] ),
          TheMatrGRP := 
           Group(
            [ [ [ 1, 0, 1, 0, -1, 0, 1 ], [ 0, 1, 0, 0, 0, 0, 0 ], [ 0, 0, -1, 0, 2, 0, -2 ], 
                  [ 0, 0, 0, 1, 0, 0, 0 ], [ 0, 0, 0, 0, 1, 0, 0 ], [ 0, 0, 0, 0, 0, 1, 0 ], [ 0, 0, 0, 0, 0, 0, 1 ] 
                 ], [ [ 1, 1, 0, -1, 0, 1, 0 ], [ 0, -1, 0, 2, 0, -2, 0 ], [ 0, 0, 1, 0, 0, 0, 0 ], 
                  [ 0, 0, 0, 1, 0, 0, 0 ], [ 0, 0, 0, 0, 1, 0, 0 ], [ 0, 0, 0, 0, 0, 1, 0 ], [ 0, 0, 0, 0, 0, 0, 1 ] 
                 ] ]),
          phi := GroupHomomorphismByImages( Group( [ (1,2)(3,4), (1,3)(2,4) ] ), Group(
            [ [ [ 1, 0, 1, 0, -1, 0, 1 ], [ 0, 1, 0, 0, 0, 0, 0 ], [ 0, 0, -1, 0, 2, 0, -2 ], 
                  [ 0, 0, 0, 1, 0, 0, 0 ], [ 0, 0, 0, 0, 1, 0, 0 ], [ 0, 0, 0, 0, 0, 1, 0 ], [ 0, 0, 0, 0, 0, 0, 1 ] 
                 ], [ [ 1, 1, 0, -1, 0, 1, 0 ], [ 0, -1, 0, 2, 0, -2, 0 ], [ 0, 0, 1, 0, 0, 0, 0 ], 
                  [ 0, 0, 0, 1, 0, 0, 0 ], [ 0, 0, 0, 0, 1, 0, 0 ], [ 0, 0, 0, 0, 0, 1, 0 ], [ 0, 0, 0, 0, 0, 0, 1 ] 
                 ] ]), [ (1,2)(3,4), (1,3)(2,4) ], 
            [ [ [ 1, 0, 1, 0, -1, 0, 1 ], [ 0, 1, 0, 0, 0, 0, 0 ], [ 0, 0, -1, 0, 2, 0, -2 ], 
                  [ 0, 0, 0, 1, 0, 0, 0 ], [ 0, 0, 0, 0, 1, 0, 0 ], [ 0, 0, 0, 0, 0, 1, 0 ], [ 0, 0, 0, 0, 0, 0, 1 ] 
                 ], [ [ 1, 1, 0, -1, 0, 1, 0 ], [ 0, -1, 0, 2, 0, -2, 0 ], [ 0, 0, 1, 0, 0, 0, 0 ], 
                  [ 0, 0, 0, 1, 0, 0, 0 ], [ 0, 0, 0, 0, 1, 0, 0 ], [ 0, 0, 0, 0, 0, 1, 0 ], [ 0, 0, 0, 0, 0, 0, 1 ] 
                 ] ] ) ),
      VectSpace := [ [ 0, 0, 1, 0, 0, 0 ], [ 0, 0, 0, 1, 0, 0 ], [ 0, 0, 0, 0, 1, 0 ], [ 0, 0, 0, 0, 0, 1 ] ],
      n := 6 ), rec(
      EXT := [ [ 1, 0, 1, 1, 0, 1, 0 ], [ 1, 0, 0, 1, 1, 1, 0 ], [ 1, 0, 1, 1, 1, 1, 0 ], [ 1, 0, 0, 2, 1, 1, 0 ], 
          [ 1, 0, 1, 1, 0, 2, 0 ], [ 1, 0, 1, 0, 1, 0, 1 ], [ 1, 0, 0, 1, 1, 0, 1 ], [ 1, 0, 1, 1, 1, 0, 1 ], 
          [ 1, 0, 0, 1, 2, 0, 1 ], [ 1, 0, 1, 0, 0, 1, 1 ], [ 1, 0, 2, 0, 0, 1, 1 ], [ 1, 0, 1, 1, 0, 1, 1 ], 
          [ 1, 0, 1, 0, 1, 1, 1 ], [ 1, 0, 0, 1, 1, 1, 1 ], [ 1, 0, 1, 1, 1, 1, 1 ], [ 1, 0, 1, 0, 1, 0, 2 ], 
          [ 1, 1, 0, 1, 1, 0, 0 ], [ 1, 1, 1, 0, 0, 1, 0 ], [ 1, 1, 0, 1, 0, 1, 0 ], [ 1, 1, 1, 1, 0, 1, 0 ], 
          [ 1, 1, 0, 1, 1, 1, 0 ], [ 1, 1, 1, 0, 0, 0, 1 ], [ 1, 1, 0, 0, 1, 0, 1 ], [ 1, 1, 1, 0, 1, 0, 1 ], 
          [ 1, 1, 0, 1, 1, 0, 1 ], [ 1, 1, 1, 0, 0, 1, 1 ] ],
      ListAdjacentVert := [ [ 1, -1, 1, 1, 1, 1, 1 ], [ 1, 0, 0, 1, 1, 2, 0 ], [ 1, 0, 2, 1, -1, 2, 0 ], 
          [ 1, 0, 0, 0, 1, 1, 1 ], [ 1, 0, 1, 1, 1, 2, 0 ], [ 1, 0, -1, 2, 2, 1, 0 ], [ 1, 0, 2, 0, -1, 1, 1 ], 
          [ 1, 0, 1, 1, -1, 2, 0 ], [ 1, 0, 1, 2, 0, 1, 0 ], [ 1, 0, 2, 0, 1, 1, 1 ], [ 1, 0, -1, 1, 2, 0, 1 ], 
          [ 1, 0, 2, 1, 0, 2, 0 ], [ 1, 0, 1, -1, 1, 0, 2 ], [ 1, 0, 0, 2, 1, 2, 0 ], [ 1, 0, 0, 2, 2, 1, 0 ], 
          [ 1, 0, 0, 1, 2, 1, 0 ], [ 1, 0, 1, 1, 0, 0, 1 ], [ 1, 0, 0, 1, 0, 2, 0 ], [ 1, 0, 2, 0, -1, 2, 0 ], 
          [ 1, 0, 0, 2, 0, 1, 0 ], [ 1, 0, 2, 1, 0, 1, 0 ], [ 1, 0, 2, -1, 1, 0, 2 ], [ 1, 0, 0, 2, 1, 1, 1 ], 
          [ 1, 0, 1, 1, 2, 0, 1 ], [ 1, 0, 0, 0, 2, 0, 1 ], [ 1, 0, 2, -1, 0, 0, 2 ], [ 1, 0, 1, 2, 0, 2, 0 ], 
          [ 1, 0, 1, 2, 1, 1, 0 ], [ 1, 0, 0, 0, 1, 0, 2 ], [ 1, 0, 0, 0, 2, -1, 2 ], [ 1, 0, 2, 0, 0, 0, 1 ], 
          [ 1, 0, 1, 0, 0, 2, 0 ], [ 1, 0, -1, 2, 1, 1, 0 ], [ 1, 0, 0, 2, 1, 0, 0 ], [ 1, 0, 2, 0, 0, 1, 0 ], 
          [ 1, 0, 0, 1, 0, 1, 0 ], [ 1, 0, 0, 1, 1, 0, 2 ], [ 1, 0, 1, 0, 2, -1, 2 ], [ 1, 0, 1, 1, 0, 2, 1 ], 
          [ 1, 0, 0, 2, 2, 0, 1 ], [ 1, 0, 1, 0, 2, 0, 1 ], [ 1, 0, 1, 0, 0, 0, 2 ], [ 1, 0, 1, 0, 1, -1, 2 ], 
          [ 1, 0, 0, 2, 0, 2, 0 ], [ 1, 0, 2, 0, 1, 0, 2 ], [ 1, 0, 1, 0, 0, 0, 1 ], [ 1, 0, 2, 0, 0, 2, 0 ], 
          [ 1, 0, -1, 2, 2, 0, 0 ], [ 1, 0, 1, 0, 1, 1, 0 ], [ 1, 0, 1, 1, 1, 0, 0 ], [ 1, 0, 1, 0, 0, 1, 0 ], 
          [ 1, 0, 0, 2, 0, 2, -1 ], [ 1, 0, 1, 1, 1, 0, 2 ], [ 1, 0, 1, 0, 0, 1, 2 ], [ 1, 0, 0, 1, 2, -1, 2 ], 
          [ 1, 0, 2, 0, 0, 2, 1 ], [ 1, 0, -1, 2, 2, 0, 1 ], [ 1, 0, 2, 0, 1, 0, 1 ], [ 1, 0, 2, 0, 0, 0, 2 ], 
          [ 1, 0, 0, 1, 0, 1, 1 ], [ 1, 0, 1, 0, 2, 0, 2 ], [ 1, 0, 0, 0, 1, 0, 1 ], [ 1, 0, 1, 2, 0, 2, -1 ], 
          [ 1, 0, 2, -1, 0, 1, 1 ], [ 1, 0, 0, 2, 2, 0, 0 ], [ 1, 0, 0, 1, 2, 0, 0 ], [ 1, 0, 0, 1, 1, 0, 0 ], 
          [ 1, 0, 1, 1, 0, 2, -1 ], [ 1, 0, 0, 1, 2, 0, 2 ], [ 1, 0, 2, 0, 0, 1, 2 ], [ 1, 0, 2, -1, 0, 1, 2 ], 
          [ 1, 0, 1, 0, 0, 2, 1 ], [ 1, 0, 0, 2, 1, 0, 1 ], [ 1, 0, 0, 0, 2, 0, 2 ], [ 1, 0, 2, 1, 0, 1, 1 ], 
          [ 1, 0, 0, 2, 1, 2, -1 ], [ 1, 0, 0, 1, 2, -1, 1 ], [ 1, 0, 0, 2, 1, 1, -1 ], [ 1, 0, 1, 0, 1, 1, 2 ], 
          [ 1, 0, 2, 0, -1, 2, 1 ], [ 1, 0, 0, 1, 2, 1, 1 ], [ 1, 0, 0, 1, 1, 2, 1 ], [ 1, 0, 2, 1, -1, 2, 1 ], 
          [ 1, 0, 0, 0, 1, 1, 2 ], [ 1, 0, 1, 1, 1, 2, 1 ], [ 1, 0, 1, 0, 1, 2, 1 ], [ 1, 0, -1, 2, 2, 1, 1 ], 
          [ 1, 0, 2, 0, -1, 1, 2 ], [ 1, 0, 1, 1, -1, 2, 1 ], [ 1, 0, 3, 0, -1, 2, 1 ], [ 1, 0, 1, 2, 0, 1, 1 ], 
          [ 1, 0, 2, 0, 1, 1, 2 ], [ 1, 0, 1, -1, 1, 1, 2 ], [ 1, 0, -1, 1, 2, 0, 2 ], [ 1, 0, 2, 1, 0, 2, 1 ], 
          [ 1, 0, 1, -1, 1, 0, 3 ], [ 1, 0, 0, 2, 2, 1, 1 ], [ 1, 0, -1, 2, 3, 0, 1 ], [ 1, 0, 1, 0, 2, 1, 1 ], 
          [ 1, 0, 3, -1, -1, 1, 2 ], [ 1, 0, 1, 1, 0, 0, 2 ], [ 1, 0, 0, 1, 0, 2, 1 ], [ 1, 0, 3, -1, -1, 2, 1 ], 
          [ 1, 0, 0, 2, 0, 1, 1 ], [ 1, 0, 1, 0, -1, 2, 1 ], [ 1, 0, 1, 2, 1, 0, 1 ], [ 1, 0, 3, 0, 0, 1, 1 ], 
          [ 1, 0, 2, -1, 1, 0, 3 ], [ 1, 0, 1, 1, 1, 1, 2 ], [ 1, 0, 1, 1, 2, 0, 2 ], [ 1, 0, 2, -1, 1, 1, 2 ], 
          [ 1, 0, -1, 1, 3, -1, 2 ], [ 1, 0, 1, -1, 2, 0, 2 ], [ 1, 0, 2, -1, 0, 0, 3 ], [ 1, 0, 1, 2, 1, 1, 1 ], 
          [ 1, 0, 0, 0, 2, -1, 3 ], [ 1, 0, 1, 1, 2, 1, 1 ], [ 1, 0, 0, 1, 3, 0, 1 ], [ 1, 0, 0, 0, 2, 1, 1 ], 
          [ 1, 0, 2, -1, -1, 1, 2 ], [ 1, 0, 1, 1, 1, -1, 2 ], [ 1, 0, 3, -1, 0, 0, 2 ], [ 1, 0, 2, -1, 0, 2, 1 ], 
          [ 1, 0, -1, 2, 1, 1, 1 ], [ 1, 0, 2, -1, -1, 2, 1 ], [ 1, 0, 0, 2, 2, -1, 1 ], [ 1, 0, 3, -1, 0, 1, 1 ], 
          [ 1, 0, 1, 1, -1, 3, 0 ], [ 1, 0, -1, 2, 1, 0, 1 ], [ 1, 0, 2, 1, 1, 0, 1 ], [ 1, 0, 0, 0, 0, 1, 1 ], 
          [ 1, 0, 1, 0, 1, 0, 3 ], [ 1, 0, 1, 0, 2, -1, 3 ], [ 1, 0, 0, 1, 1, 1, 2 ], [ 1, 0, 3, -1, 0, 1, 2 ], 
          [ 1, 0, 0, 1, 3, -1, 2 ], [ 1, 0, 0, 0, 3, -1, 2 ], [ 1, 0, 1, 0, 1, -1, 3 ], [ 1, 0, 2, 1, 1, 1, 1 ], 
          [ 1, 0, 1, -1, 2, -1, 3 ], [ 1, 0, -1, 1, 2, 1, 1 ], [ 1, 0, -1, 1, 3, 0, 1 ], [ 1, 0, 3, 0, -1, 1, 1 ], 
          [ 1, 0, 1, -1, 0, 1, 2 ], [ 1, 0, 2, 1, -1, 3, 0 ], [ 1, 0, 0, 1, 1, -1, 2 ], [ 1, 0, 2, 0, 1, -1, 2 ], 
          [ 1, 0, 1, -1, 0, 0, 2 ], [ 1, 0, -1, 2, 3, -1, 1 ], [ 1, 0, 2, -1, 1, 1, 1 ], [ 1, 0, 2, 0, -1, 3, 0 ], 
          [ 1, 0, -1, 2, 2, -1, 1 ], [ 1, 0, 1, 1, 2, -1, 1 ], [ 1, 0, 1, -1, 0, 1, 1 ], [ 1, 0, -1, 3, 1, 1, 0 ], 
          [ 1, 0, 2, -1, 1, 0, 1 ], [ 1, 0, -1, 1, 1, 0, 1 ], [ 1, 0, 1, 0, -1, 1, 1 ], [ 1, 0, 0, 2, 0, 3, -1 ], 
          [ 1, 0, 1, 1, 0, 1, 2 ], [ 1, 0, 1, 1, 2, -1, 2 ], [ 1, 0, 2, -1, 1, -1, 3 ], [ 1, 0, -1, 1, 1, 1, 1 ], 
          [ 1, 0, 2, 1, -1, 1, 1 ], [ 1, 0, 2, 1, 0, 0, 1 ], [ 1, 0, 1, 1, 0, 3, 0 ], [ 1, 0, -1, 1, 2, -1, 2 ], 
          [ 1, 0, 0, 3, 1, 1, 0 ], [ 1, 0, 2, -1, 1, -1, 2 ], [ 1, 0, 0, 0, 1, -1, 2 ], [ 1, 0, 1, 2, 0, 3, -1 ], 
          [ 1, 0, 0, 1, 3, -1, 1 ], [ 1, 0, 1, -1, 1, 1, 1 ], [ 1, 0, -1, 3, 2, 0, 0 ], [ 1, 0, 1, 0, 2, -1, 1 ], 
          [ 1, 0, -1, 1, 2, -1, 1 ], [ 1, 0, 2, -1, -1, 1, 1 ], [ 1, 0, 1, 1, 0, 3, -1 ], [ 1, 0, 2, 0, 1, 1, 0 ], 
          [ 1, 0, 1, -1, 1, 0, 1 ], [ 1, 0, 0, 1, 0, 0, 1 ], [ 1, 0, -1, 3, 1, 2, -1 ], [ 1, 0, 1, 2, -1, 3, -1 ], 
          [ 1, 0, 1, -1, 1, -1, 3 ], [ 1, 0, 1, 1, -1, 1, 1 ], [ 1, 0, -1, 2, 1, 2, 0 ], [ 1, 0, -1, 3, 2, 1, 0 ], 
          [ 1, 0, 1, -1, 2, -1, 2 ], [ 1, 0, 2, 1, 1, 1, 0 ], [ 1, 0, 1, -1, 1, -1, 2 ], [ 1, 0, 0, 3, 1, 2, -1 ], 
          [ 1, 0, -1, 1, 3, -1, 1 ], [ 1, 0, 3, -1, -1, 1, 1 ], [ 1, 0, 1, 0, 1, 2, 0 ], [ 1, 0, 1, 1, 2, 0, 0 ], 
          [ 1, 0, 0, 0, 2, -1, 1 ], [ 1, 0, 0, 1, 1, -1, 1 ], [ 1, 0, -1, 3, 2, 1, -1 ], [ 1, 0, 2, 1, -1, 3, -1 ], 
          [ 1, 0, 0, 0, 1, 1, 0 ], [ 1, 0, 2, -1, 0, 0, 1 ], [ 1, 0, 1, 1, 1, 2, -1 ], [ 1, 0, 0, 3, 0, 2, -1 ], 
          [ 1, 0, 1, 2, 1, 2, 0 ], [ 1, 0, 1, 2, -1, 2, 0 ], [ 1, 0, 1, 1, 2, 1, 0 ], [ 1, 0, -1, 1, 1, 1, 0 ], 
          [ 1, 0, 1, 2, 1, 2, -1 ], [ 1, 0, 1, 1, 1, -1, 1 ], [ 1, 0, -1, 2, 3, 0, 0 ], [ 1, 0, 3, 0, -1, 2, 0 ], 
          [ 1, 0, -1, 1, 2, 0, 0 ], [ 1, 0, 1, 0, 1, -1, 1 ], [ 1, 0, 0, 2, 2, 1, -1 ], [ 1, 0, 0, 3, 1, 1, -1 ], 
          [ 1, 0, 1, 1, -1, 3, -1 ], [ 1, 0, 2, 0, -1, 1, 0 ], [ 1, 0, 0, 1, 1, 2, -1 ], [ 1, 0, 2, 1, 0, 2, -1 ], 
          [ 1, 0, -1, 1, 2, 1, 0 ], [ 1, 0, 1, 1, -1, 1, 0 ], [ 1, 0, -1, 2, 1, 2, -1 ], [ 1, 0, 1, 2, 1, 0, 0 ], 
          [ 1, 0, 1, 0, -1, 2, 0 ], [ 1, 0, 1, 1, 0, 0, 0 ], [ 1, 0, -1, 2, 2, 1, -1 ], [ 1, 0, 1, 2, 1, 1, -1 ], 
          [ 1, 0, -1, 3, 1, 1, -1 ], [ 1, 0, 2, 1, -1, 2, -1 ], [ 1, 0, 0, 1, 0, 2, -1 ], [ 1, 0, 2, 1, -1, 1, 0 ], 
          [ 1, 0, 1, 2, -1, 2, -1 ], [ 1, 0, -1, 2, 1, 0, 0 ], [ 1, 0, 1, 2, 0, 1, -1 ], [ 1, 0, -1, 2, 1, 1, -1 ], 
          [ 1, 0, 1, 1, 1, 1, -1 ], [ 1, 0, 1, 1, -1, 2, -1 ], [ 1, 0, 1, 0, 1, 0, 0 ], [ 1, 0, 0, 2, 0, 1, -1 ], 
          [ 1, 0, 0, 1, 1, 1, -1 ], [ 1, 0, 1, 1, 0, 1, -1 ], [ 1, 1, 0, 0, 1, 1, 1 ], [ 1, 1, 2, 0, -1, 1, 1 ], 
          [ 1, 1, 1, 0, 1, 1, 1 ], [ 1, 1, -1, 1, 2, 0, 1 ], [ 1, 1, 1, 0, -1, 1, 1 ], [ 1, 1, 1, 1, 0, 0, 1 ], 
          [ 1, 1, 2, 0, 0, 1, 1 ], [ 1, 1, 1, -1, 1, 0, 2 ], [ 1, 1, 0, 1, 1, 1, 1 ], [ 1, 1, 0, 1, 2, 0, 1 ], 
          [ 1, 1, 0, 0, 2, 0, 1 ], [ 1, 1, 0, 0, 0, 1, 1 ], [ 1, 1, 1, 1, -1, 2, 0 ], [ 1, 1, 2, -1, -1, 1, 1 ], 
          [ 1, 1, 0, 1, 0, 0, 1 ], [ 1, 1, 2, 0, 0, 0, 1 ], [ 1, 1, 2, -1, 0, 0, 2 ], [ 1, 1, 1, 1, 0, 1, 1 ], 
          [ 1, 1, 1, 1, 1, 0, 1 ], [ 1, 1, 0, 0, 1, 0, 2 ], [ 1, 1, 0, 0, 2, -1, 2 ], [ 1, 1, 0, 1, 0, 2, 0 ], 
          [ 1, 1, 1, -1, 0, 1, 1 ], [ 1, 1, -1, 1, 1, 0, 1 ], [ 1, 1, 2, 0, -1, 2, 0 ], [ 1, 1, 0, 2, 0, 1, 0 ], 
          [ 1, 1, 0, 1, 1, -1, 1 ], [ 1, 1, 2, -1, 0, 0, 1 ], [ 1, 1, 0, 0, 0, 0, 1 ], [ 1, 1, 1, -1, 0, 0, 2 ], 
          [ 1, 1, 1, 0, 0, 0, 2 ], [ 1, 1, 1, 0, 1, -1, 2 ], [ 1, 1, 0, 1, 0, 1, 1 ], [ 1, 1, 1, 0, 1, 0, 2 ], 
          [ 1, 1, 1, 1, 0, 2, 0 ], [ 1, 1, 1, 0, 0, 2, 0 ], [ 1, 1, -1, 2, 1, 1, 0 ], [ 1, 1, 2, -1, 0, 1, 1 ], 
          [ 1, 1, -1, 1, 2, -1, 1 ], [ 1, 1, 1, -1, 1, 0, 1 ], [ 1, 1, 1, 0, -1, 2, 0 ], [ 1, 1, 0, 2, 1, 0, 0 ], 
          [ 1, 1, 2, 0, 0, 1, 0 ], [ 1, 1, 1, 0, 1, -1, 1 ], [ 1, 1, 1, -1, 0, 0, 1 ], [ 1, 1, 0, 2, 0, 2, -1 ], 
          [ 1, 1, 0, 0, 1, -1, 2 ], [ 1, 1, 0, 2, 1, 1, 0 ], [ 1, 1, -1, 2, 2, 0, 0 ], [ 1, 1, 1, 0, 1, 1, 0 ], 
          [ 1, 1, 0, 1, 2, -1, 1 ], [ 1, 1, 0, 0, 2, -1, 1 ], [ 1, 1, -1, 2, 1, 0, 0 ], [ 1, 1, 1, 1, 1, 0, 0 ], 
          [ 1, 1, 0, 0, 0, 1, 0 ], [ 1, 1, 0, 0, 1, -1, 1 ], [ 1, 1, 1, 1, 0, 2, -1 ], [ 1, 1, 1, -1, 1, -1, 2 ], 
          [ 1, 1, 1, 1, 1, 1, 0 ], [ 1, 1, 0, 1, 2, 0, 0 ], [ 1, 1, 0, 0, 1, 1, 0 ], [ 1, 1, 1, 0, 1, 0, 0 ], 
          [ 1, 1, -1, 1, 1, 0, 0 ], [ 1, 1, 1, 0, -1, 1, 0 ], [ 1, 1, 0, 1, 0, 2, -1 ], [ 1, 1, 0, 2, 1, 1, -1 ], 
          [ 1, 1, -1, 1, 1, 1, 0 ], [ 1, 1, -1, 1, 2, 0, 0 ], [ 1, 1, 2, 0, -1, 1, 0 ], [ 1, 1, 0, 0, 1, 0, 0 ], 
          [ 1, 1, 0, 1, 0, 0, 0 ], [ 1, 1, -1, 2, 1, 1, -1 ], [ 1, 1, 1, 1, -1, 2, -1 ], [ 1, 1, 1, 1, -1, 1, 0 ], 
          [ 1, 1, 1, 1, 0, 0, 0 ], [ 1, 1, 1, 0, 0, 0, 0 ], [ 1, 1, 0, 1, 1, 1, -1 ], [ 1, 1, 0, 2, 0, 1, -1 ], 
          [ 1, 1, 1, 1, 0, 1, -1 ], [ 1, 1, 0, 1, 0, 1, -1 ], [ 1, 1, 0, 1, 1, 2, 0 ], [ 1, 1, 2, 1, -1, 2, 0 ], 
          [ 1, 1, 0, -1, 1, 0, 2 ], [ 1, 1, -1, 2, 2, 1, 0 ], [ 1, 1, 2, -1, -1, 0, 2 ], [ 1, 1, 0, 1, -1, 2, 0 ], 
          [ 1, 1, 1, 2, 0, 1, 0 ], [ 1, 1, 2, -1, 1, 0, 2 ], [ 1, 1, -1, 0, 2, -1, 2 ], [ 1, 1, 0, 1, 2, 1, 0 ], 
          [ 1, 1, 1, 0, 0, -1, 2 ], [ 1, 1, 2, -1, -1, 2, 0 ], [ 1, 1, -1, 2, 0, 1, 0 ], [ 1, 1, 2, 1, 0, 1, 0 ], 
          [ 1, 1, 0, 1, 1, 0, 2 ], [ 1, 1, 1, 0, 2, -1, 2 ], [ 1, 1, 0, -1, 2, -1, 2 ], [ 1, 1, -1, 1, 2, 1, 0 ], 
          [ 1, 1, 2, -1, 0, -1, 2 ], [ 1, 1, -1, 2, 2, -1, 0 ], [ 1, 1, 2, -1, 0, 1, 0 ], [ 1, 1, -1, 1, 0, 1, 0 ], 
          [ 1, 1, 1, 0, 0, 1, 2 ], [ 1, 1, 0, 1, 2, -1, 2 ], [ 1, 1, 1, -1, 2, -1, 2 ], [ 1, 1, 2, 1, -1, 1, 0 ], 
          [ 1, 1, -1, 0, 2, 0, 1 ], [ 1, 1, 1, -1, 0, -1, 2 ], [ 1, 1, 0, 1, 2, -1, 0 ], [ 1, 1, 1, -1, 0, 1, 0 ], 
          [ 1, 1, 0, 1, -1, 1, 0 ], [ 1, 1, -1, 2, 0, 2, -1 ], [ 1, 1, 2, -1, 0, 1, 2 ], [ 1, 1, -1, 1, 2, -1, 2 ], 
          [ 1, 1, 2, -1, 1, -1, 2 ], [ 1, 1, 1, 0, 2, 0, 1 ], [ 1, 1, 2, 0, -1, 0, 1 ], [ 1, 1, 0, -1, 1, -1, 2 ], 
          [ 1, 1, 1, 2, 0, 2, -1 ], [ 1, 1, -1, 1, 2, -1, 0 ], [ 1, 1, 2, -1, -1, 1, 0 ], [ 1, 1, 1, 0, 0, 2, -1 ], 
          [ 1, 1, 0, 2, -1, 2, -1 ], [ 1, 1, 1, -1, 0, 1, 2 ], [ 1, 1, 0, 1, 1, -1, 2 ], [ 1, 1, -1, 2, 2, 0, 1 ], 
          [ 1, 1, 2, 0, 1, 0, 1 ], [ 1, 1, 1, 0, -1, 0, 1 ], [ 1, 1, 0, 2, 1, 2, -1 ], [ 1, 1, 0, 1, 1, -1, 0 ], 
          [ 1, 1, -1, 2, 2, 0, -1 ], [ 1, 1, 2, 0, -1, 2, -1 ], [ 1, 1, 1, 2, -1, 2, -1 ], [ 1, 1, 2, -1, -1, 1, 2 ],
          [ 1, 1, 1, 0, 0, 2, 1 ], [ 1, 1, 0, 2, 1, 0, 1 ], [ 1, 1, -1, 0, 1, 0, 1 ], [ 1, 1, 2, -1, -1, 0, 1 ], 
          [ 1, 1, -1, 2, 1, 2, -1 ], [ 1, 1, 0, 2, 1, 0, -1 ], [ 1, 1, 1, 0, -1, 2, -1 ], [ 1, 1, 2, 1, -1, 2, -1 ], 
          [ 1, 1, 2, 0, -1, 2, 1 ], [ 1, 1, -1, 2, 1, 0, 1 ], [ 1, 1, 0, -1, 1, 0, 1 ], [ 1, 1, 1, 0, 0, -1, 1 ], 
          [ 1, 1, 0, 1, 1, 2, -1 ], [ 1, 1, -1, 2, 1, 0, -1 ], [ 1, 1, 0, 1, -1, 2, -1 ], [ 1, 1, 1, 2, 0, 1, -1 ], 
          [ 1, 1, 1, 0, -1, 2, 1 ], [ 1, 1, 2, -1, 1, 0, 1 ], [ 1, 1, -1, 0, 2, -1, 1 ], [ 1, 1, -1, 2, 2, 1, -1 ], 
          [ 1, 1, 0, 1, 1, 0, -1 ], [ 1, 1, -1, 2, 0, 1, -1 ], [ 1, 1, 2, -1, -1, 2, 1 ], [ 1, 1, 1, 0, 2, -1, 1 ], 
          [ 1, 1, 1, 0, 0, 1, -1 ], [ 1, 1, -1, 2, 2, -1, 1 ], [ 1, 1, 1, 1, -1, 1, -1 ], [ 1, 1, -1, 1, 1, 1, -1 ], 
          [ 1, 1, 1, 1, 1, 1, -1 ], [ 1, 1, 1, -1, 1, -1, 1 ], [ 1, 1, -1, 3, 1, 1, -1 ], [ 1, 1, -1, 1, 1, -1, 1 ], 
          [ 1, 1, 1, 1, -1, 3, -1 ], [ 1, 1, 1, 1, 1, -1, 1 ], [ 1, 1, 1, -1, -1, 1, 1 ], [ 1, 1, -1, 1, 3, -1, 1 ], 
          [ 1, 1, 3, -1, -1, 1, 1 ], [ 1, 1, 1, -1, 1, 1, 1 ], [ 1, 1, 1, 1, -1, 1, 1 ], [ 1, 1, -1, 1, 1, 1, 1 ], 
          [ 1, 1, 1, 1, 1, 1, 1 ], [ 1, 1, 1, -1, 1, -1, 3 ], [ 1, 1, 2, 0, -2, 2, 0 ], [ 1, 1, 0, 0, 0, 2, 0 ], 
          [ 1, 1, 0, 2, 0, 0, 0 ], [ 1, 1, 2, 0, 0, 2, 0 ], [ 1, 1, -2, 2, 2, 0, 0 ], [ 1, 1, 2, 0, 0, 0, 0 ], 
          [ 1, 1, 2, -2, 0, 0, 2 ], [ 1, 1, 0, 2, 0, 2, 0 ], [ 1, 1, 0, 2, 2, 0, 0 ], [ 1, 1, 0, 0, 2, 0, 0 ], 
          [ 1, 1, 0, 0, 0, 0, 0 ], [ 1, 1, 0, 0, 0, 0, 2 ], [ 1, 1, 0, 0, 2, -2, 2 ], [ 1, 1, 0, 2, 0, 2, -2 ], 
          [ 1, 1, 2, 0, 0, 0, 2 ], [ 1, 1, 0, 0, 2, 0, 2 ], [ 1, 2, -1, 1, 1, 0, 0 ], [ 1, 2, 0, 1, 0, 0, 0 ], 
          [ 1, 2, 0, 1, 1, 0, 0 ], [ 1, 2, 0, 0, 1, 0, 0 ], [ 1, 2, 0, 0, 0, 1, 0 ], [ 1, 2, 1, 0, 0, 0, 0 ], 
          [ 1, 2, 1, 0, -1, 1, 0 ], [ 1, 2, 0, 0, 1, -1, 1 ], [ 1, 2, 1, 0, 0, 1, 0 ], [ 1, 2, 0, 0, 0, 0, 0 ], 
          [ 1, 2, 1, -1, 0, 0, 1 ], [ 1, 2, 0, 1, 0, 1, 0 ], [ 1, 2, 0, 1, 0, 1, -1 ], [ 1, 2, 0, 0, 0, 0, 1 ], 
          [ 1, 2, 1, 0, 0, 0, 1 ], [ 1, 2, 0, 0, 1, 0, 1 ], [ 1, 0, 1, 1, 0, 1, 0 ], [ 1, 0, 0, 1, 1, 1, 0 ], 
          [ 1, 0, 1, 1, 1, 1, 0 ], [ 1, 0, 0, 2, 1, 1, 0 ], [ 1, 0, 1, 1, 0, 2, 0 ], [ 1, 0, 1, 0, 1, 0, 1 ], 
          [ 1, 0, 0, 1, 1, 0, 1 ], [ 1, 0, 1, 1, 1, 0, 1 ], [ 1, 0, 0, 1, 2, 0, 1 ], [ 1, 0, 1, 0, 0, 1, 1 ], 
          [ 1, 0, 2, 0, 0, 1, 1 ], [ 1, 0, 1, 1, 0, 1, 1 ], [ 1, 0, 1, 0, 1, 1, 1 ], [ 1, 0, 0, 1, 1, 1, 1 ], 
          [ 1, 0, 1, 1, 1, 1, 1 ], [ 1, 0, 1, 0, 1, 0, 2 ], [ 1, 1, 0, 1, 1, 0, 0 ], [ 1, 1, 1, 0, 0, 1, 0 ], 
          [ 1, 1, 0, 1, 0, 1, 0 ], [ 1, 1, 1, 1, 0, 1, 0 ], [ 1, 1, 0, 1, 1, 1, 0 ], [ 1, 1, 1, 0, 0, 0, 1 ], 
          [ 1, 1, 0, 0, 1, 0, 1 ], [ 1, 1, 1, 0, 1, 0, 1 ], [ 1, 1, 0, 1, 1, 0, 1 ], [ 1, 1, 1, 0, 0, 1, 1 ] ],
      TheQuadForm := [ [ 6, 2, 2, 2, 2, 2 ], [ 2, 4, 2, 2, 0, 0 ], [ 2, 2, 4, 0, 0, 2 ], [ 2, 2, 0, 4, 2, 0 ], 
          [ 2, 0, 0, 2, 4, 2 ], [ 2, 0, 2, 0, 2, 4 ] ],
      TheQuadFunction := [ [ 20, -9, -6, -6, -6, -6, -6 ], [ -9, 6, 2, 2, 2, 2, 2 ], [ -6, 2, 4, 2, 2, 0, 0 ], 
          [ -6, 2, 2, 4, 0, 0, 2 ], [ -6, 2, 2, 0, 4, 2, 0 ], [ -6, 2, 0, 0, 2, 4, 2 ], [ -6, 2, 0, 2, 0, 2, 4 ] ],
      TheStab := rec(
          GRPperm := Group( [ ( 1, 2)( 8, 9)(11,13)(12,14)(20,21)(22,23), ( 3, 6)( 4, 7)( 5,10)(15,16)(20,22)(21,23),
              ( 2, 3)( 7, 8)(10,11)(14,15)(19,20)(23,24), ( 3, 4)( 6, 7)(11,12)(13,14)(18,19)(24,25), 
              ( 4, 5)( 7,10)( 8,11)( 9,13)(17,18)(25,26) ] ),
          TheMatrGRP := 
           Group(
            [ [ [ 1, 0, 0, 0, 0, 0, 0 ], [ 0, 1, 0, 0, 0, 0, 0 ], [ 0, 0, 0, 0, 1, 0, 0 ], [ 0, 0, -1, 1, 1, 0, 0 ], 
                  [ 0, 0, 1, 0, 0, 0, 0 ], [ 0, 0, 1, 0, -1, 1, 0 ], [ 0, 0, 0, 0, 0, 0, 1 ] ], 
              [ [ 1, 0, 0, 3, 0, 3, -3 ], [ 0, 1, 0, -1, 0, -1, 1 ], [ 0, 0, 1, -1, 0, -1, 1 ], 
                  [ 0, 0, 0, 0, 0, -1, 1 ], [ 0, 0, 0, -1, 1, -1, 1 ], [ 0, 0, 0, -1, 0, 0, 1 ], 
                  [ 0, 0, 0, 0, 0, 0, 1 ] ], 
              [ [ 1, 0, 3, 0, 0, 0, 0 ], [ 0, 1, -1, 0, 0, 0, 0 ], [ 0, 0, -1, 0, 0, 0, 0 ], 
                  [ 0, 0, -1, 1, 0, 0, 0 ], [ 0, 0, -1, 0, 1, 0, 0 ], [ 0, 0, 0, 0, 0, 1, 0 ], 
                  [ 0, 0, 0, 0, 0, 0, 1 ] ], 
              [ [ 1, 0, 0, 0, 0, 0, 0 ], [ 0, 1, 0, 0, 0, 0, 0 ], [ 0, 0, 0, 1, 0, 0, 0 ], [ 0, 0, 1, 0, 0, 0, 0 ], 
                  [ 0, 0, -1, 1, 1, 0, 0 ], [ 0, 0, 0, 0, 0, 1, 0 ], [ 0, 0, 1, -1, 0, 0, 1 ] ], 
              [ [ 1, 0, 0, 0, 0, 0, 0 ], [ 0, 1, 0, 0, 0, 0, 0 ], [ 0, 0, 1, 0, 0, 0, 0 ], [ 0, 0, 1, 0, -1, 1, 0 ], 
                  [ 0, 0, 0, 0, 1, 0, 0 ], [ 0, 0, -1, 1, 1, 0, 0 ], [ 0, 0, 0, 0, 0, 0, 1 ] ] ]),
          phi := GroupHomomorphismByImages( Group( [ ( 1, 2)( 8, 9)(11,13)(12,14)(20,21)(22,23), 
              ( 3, 6)( 4, 7)( 5,10)(15,16)(20,22)(21,23), ( 2, 3)( 7, 8)(10,11)(14,15)(19,20)(23,24), 
              ( 3, 4)( 6, 7)(11,12)(13,14)(18,19)(24,25), ( 4, 5)( 7,10)( 8,11)( 9,13)(17,18)(25,26) ] ), Group(
            [ [ [ 1, 0, 0, 0, 0, 0, 0 ], [ 0, 1, 0, 0, 0, 0, 0 ], [ 0, 0, 0, 0, 1, 0, 0 ], [ 0, 0, -1, 1, 1, 0, 0 ], 
                  [ 0, 0, 1, 0, 0, 0, 0 ], [ 0, 0, 1, 0, -1, 1, 0 ], [ 0, 0, 0, 0, 0, 0, 1 ] ], 
              [ [ 1, 0, 0, 3, 0, 3, -3 ], [ 0, 1, 0, -1, 0, -1, 1 ], [ 0, 0, 1, -1, 0, -1, 1 ], 
                  [ 0, 0, 0, 0, 0, -1, 1 ], [ 0, 0, 0, -1, 1, -1, 1 ], [ 0, 0, 0, -1, 0, 0, 1 ], 
                  [ 0, 0, 0, 0, 0, 0, 1 ] ], 
              [ [ 1, 0, 3, 0, 0, 0, 0 ], [ 0, 1, -1, 0, 0, 0, 0 ], [ 0, 0, -1, 0, 0, 0, 0 ], 
                  [ 0, 0, -1, 1, 0, 0, 0 ], [ 0, 0, -1, 0, 1, 0, 0 ], [ 0, 0, 0, 0, 0, 1, 0 ], 
                  [ 0, 0, 0, 0, 0, 0, 1 ] ], 
              [ [ 1, 0, 0, 0, 0, 0, 0 ], [ 0, 1, 0, 0, 0, 0, 0 ], [ 0, 0, 0, 1, 0, 0, 0 ], [ 0, 0, 1, 0, 0, 0, 0 ], 
                  [ 0, 0, -1, 1, 1, 0, 0 ], [ 0, 0, 0, 0, 0, 1, 0 ], [ 0, 0, 1, -1, 0, 0, 1 ] ], 
              [ [ 1, 0, 0, 0, 0, 0, 0 ], [ 0, 1, 0, 0, 0, 0, 0 ], [ 0, 0, 1, 0, 0, 0, 0 ], [ 0, 0, 1, 0, -1, 1, 0 ], 
                  [ 0, 0, 0, 0, 1, 0, 0 ], [ 0, 0, -1, 1, 1, 0, 0 ], [ 0, 0, 0, 0, 0, 0, 1 ] ] ]), 
            [ ( 1, 2)( 8, 9)(11,13)(12,14)(20,21)(22,23), ( 3, 6)( 4, 7)( 5,10)(15,16)(20,22)(21,23), 
              ( 2, 3)( 7, 8)(10,11)(14,15)(19,20)(23,24), ( 3, 4)( 6, 7)(11,12)(13,14)(18,19)(24,25), 
              ( 4, 5)( 7,10)( 8,11)( 9,13)(17,18)(25,26) ], 
            [ [ [ 1, 0, 0, 0, 0, 0, 0 ], [ 0, 1, 0, 0, 0, 0, 0 ], [ 0, 0, 0, 0, 1, 0, 0 ], [ 0, 0, -1, 1, 1, 0, 0 ], 
                  [ 0, 0, 1, 0, 0, 0, 0 ], [ 0, 0, 1, 0, -1, 1, 0 ], [ 0, 0, 0, 0, 0, 0, 1 ] ], 
              [ [ 1, 0, 0, 3, 0, 3, -3 ], [ 0, 1, 0, -1, 0, -1, 1 ], [ 0, 0, 1, -1, 0, -1, 1 ], 
                  [ 0, 0, 0, 0, 0, -1, 1 ], [ 0, 0, 0, -1, 1, -1, 1 ], [ 0, 0, 0, -1, 0, 0, 1 ], 
                  [ 0, 0, 0, 0, 0, 0, 1 ] ], 
              [ [ 1, 0, 3, 0, 0, 0, 0 ], [ 0, 1, -1, 0, 0, 0, 0 ], [ 0, 0, -1, 0, 0, 0, 0 ], 
                  [ 0, 0, -1, 1, 0, 0, 0 ], [ 0, 0, -1, 0, 1, 0, 0 ], [ 0, 0, 0, 0, 0, 1, 0 ], 
                  [ 0, 0, 0, 0, 0, 0, 1 ] ], 
              [ [ 1, 0, 0, 0, 0, 0, 0 ], [ 0, 1, 0, 0, 0, 0, 0 ], [ 0, 0, 0, 1, 0, 0, 0 ], [ 0, 0, 1, 0, 0, 0, 0 ], 
                  [ 0, 0, -1, 1, 1, 0, 0 ], [ 0, 0, 0, 0, 0, 1, 0 ], [ 0, 0, 1, -1, 0, 0, 1 ] ], 
              [ [ 1, 0, 0, 0, 0, 0, 0 ], [ 0, 1, 0, 0, 0, 0, 0 ], [ 0, 0, 1, 0, 0, 0, 0 ], [ 0, 0, 1, 0, -1, 1, 0 ], 
                  [ 0, 0, 0, 0, 1, 0, 0 ], [ 0, 0, -1, 1, 1, 0, 0 ], [ 0, 0, 0, 0, 0, 0, 1 ] ] ] ) ),
      VectSpace := [  ],
      n := 6 ) ];
