return [ rec(
      EXT := [ [ 1, 0, 0, 0, 0, 0, 0 ], [ 1, 1, 0, 0, 0, 0, 0 ] ],
      ListAdjacentVert := [ [ 1, -1, 0, 0, 0, 0, 0 ], [ 1, 2, 0, 0, 0, 0, 0 ], [ 1, 0, 0, 0, 0, 0, 0 ], 
          [ 1, 1, 0, 0, 0, 0, 0 ] ],
      TheQuadForm := [ [ 2, 0, 0, 0, 0, 0 ], [ 0, 0, 0, 0, 0, 0 ], [ 0, 0, 0, 0, 0, 0 ], [ 0, 0, 0, 0, 0, 0 ], 
          [ 0, 0, 0, 0, 0, 0 ], [ 0, 0, 0, 0, 0, 0 ] ],
      TheQuadFunction := [ [ 0, -1, 0, 0, 0, 0, 0 ], [ -1, 2, 0, 0, 0, 0, 0 ], [ 0, 0, 0, 0, 0, 0, 0 ], 
          [ 0, 0, 0, 0, 0, 0, 0 ], [ 0, 0, 0, 0, 0, 0, 0 ], [ 0, 0, 0, 0, 0, 0, 0 ], [ 0, 0, 0, 0, 0, 0, 0 ] ],
      TheStab := rec(
          GRPperm := Group( [ (1,2) ] ),
          TheMatrGRP := 
           Group(
            [ [ [ 1, 1, -1, 1, -1, 1, 0 ], [ 0, -1, 2, -2, 2, -2, 0 ], [ 0, 0, 1, 0, 0, 0, 0 ], 
                  [ 0, 0, 0, 1, 0, 0, 0 ], [ 0, 0, 0, 0, 1, 0, 0 ], [ 0, 0, 0, 0, 0, 1, 0 ], [ 0, 0, 0, 0, 0, 0, 1 ] 
                 ] ]),
          phi := GroupHomomorphismByImages( Group( [ (1,2) ] ), Group(
            [ [ [ 1, 1, -1, 1, -1, 1, 0 ], [ 0, -1, 2, -2, 2, -2, 0 ], [ 0, 0, 1, 0, 0, 0, 0 ], 
                  [ 0, 0, 0, 1, 0, 0, 0 ], [ 0, 0, 0, 0, 1, 0, 0 ], [ 0, 0, 0, 0, 0, 1, 0 ], [ 0, 0, 0, 0, 0, 0, 1 ] 
                 ] ]), [ (1,2) ], 
            [ [ [ 1, 1, -1, 1, -1, 1, 0 ], [ 0, -1, 2, -2, 2, -2, 0 ], [ 0, 0, 1, 0, 0, 0, 0 ], 
                  [ 0, 0, 0, 1, 0, 0, 0 ], [ 0, 0, 0, 0, 1, 0, 0 ], [ 0, 0, 0, 0, 0, 1, 0 ], [ 0, 0, 0, 0, 0, 0, 1 ] 
                 ] ] ) ),
      VectSpace := [ [ 0, 1, 0, 0, 0, 0 ], [ 0, 0, 1, 0, 0, 0 ], [ 0, 0, 0, 1, 0, 0 ], [ 0, 0, 0, 0, 1, 0 ], 
          [ 0, 0, 0, 0, 0, 1 ] ],
      n := 6 ), rec(
      EXT := [ [ 1, 1, 0, 1, 1, 0, 0 ], [ 1, 1, 1, 0, 0, 1, 0 ], [ 1, 1, 0, 1, 0, 1, 0 ], [ 1, 0, 1, 1, 0, 1, 0 ], 
          [ 1, 1, 1, 1, 0, 1, 0 ], [ 1, 0, 0, 1, 1, 1, 0 ], [ 1, 1, 0, 1, 1, 1, 0 ], [ 1, 0, 1, 1, 1, 1, 0 ], 
          [ 1, 0, 0, 2, 1, 1, 0 ], [ 1, 0, 1, 1, 0, 2, 0 ], [ 1, 1, 1, 0, 0, 0, 1 ], [ 1, 1, 0, 0, 1, 0, 1 ], 
          [ 1, 0, 1, 0, 1, 0, 1 ], [ 1, 1, 1, 0, 1, 0, 1 ], [ 1, 0, 0, 1, 1, 0, 1 ], [ 1, 1, 0, 1, 1, 0, 1 ], 
          [ 1, 0, 1, 1, 1, 0, 1 ], [ 1, 0, 0, 1, 2, 0, 1 ], [ 1, 0, 1, 0, 0, 1, 1 ], [ 1, 1, 1, 0, 0, 1, 1 ], 
          [ 1, 0, 2, 0, 0, 1, 1 ], [ 1, 0, 1, 1, 0, 1, 1 ], [ 1, 0, 1, 0, 1, 1, 1 ], [ 1, 0, 0, 1, 1, 1, 1 ], 
          [ 1, -1, 1, 1, 1, 1, 1 ], [ 1, 0, 1, 1, 1, 1, 1 ], [ 1, 0, 1, 0, 1, 0, 2 ] ],
      ListAdjacentVert := [ [ 1, -1, 1, 0, 1, 1, 2 ], [ 1, -1, 2, 0, 0, 1, 2 ], [ 1, 0, 1, 0, 1, 1, 2 ], 
          [ 1, -1, 1, 1, 1, 2, 1 ], [ 1, -1, 0, 1, 2, 0, 2 ], [ 1, 0, 1, 0, 0, 1, 2 ], [ 1, 0, 2, 0, 0, 1, 2 ], 
          [ 1, -1, 2, 1, 0, 2, 1 ], [ 1, -1, 1, 1, 1, 0, 2 ], [ 1, -1, 2, 0, 1, 1, 2 ], [ 1, 0, 0, 1, 2, 0, 2 ], 
          [ 1, -1, 0, 2, 2, 1, 1 ], [ 1, -1, 1, 0, 2, 0, 2 ], [ 1, 0, 2, -1, 0, 1, 2 ], [ 1, 0, 1, 1, 0, 2, 1 ], 
          [ 1, 0, 0, 1, 1, 0, 2 ], [ 1, 0, 1, 1, 1, 0, 2 ], [ 1, -1, 1, 2, 1, 1, 1 ], [ 1, -1, 2, 0, 1, 0, 2 ], 
          [ 1, -1, 1, 1, 1, 1, 2 ], [ 1, -1, 1, 1, 2, 0, 2 ], [ 1, 0, 1, 0, 2, 0, 2 ], [ 1, -1, 1, 1, 2, 1, 1 ], 
          [ 1, 0, 0, 0, 2, 0, 2 ], [ 1, 0, 2, 0, 0, 2, 1 ], [ 1, 0, 0, 1, 2, -1, 2 ], [ 1, -1, 1, 1, 0, 2, 1 ], 
          [ 1, 0, 0, 2, 1, 1, 1 ], [ 1, 0, 2, -1, 1, 0, 2 ], [ 1, 0, 2, 0, 1, 0, 2 ], [ 1, -1, 2, 1, 1, 1, 1 ], 
          [ 1, 1, 0, 0, 1, 0, 2 ], [ 1, 0, 0, 1, 2, 1, 1 ], [ 1, 0, 2, 0, 0, 0, 2 ], [ 1, -1, 2, 0, 0, 2, 1 ], 
          [ 1, 0, 0, 2, 2, 0, 1 ], [ 1, 0, 1, 0, 2, -1, 2 ], [ 1, -1, 0, 2, 1, 1, 1 ], [ 1, 0, 2, 0, 1, 1, 1 ], 
          [ 1, 1, 1, -1, 1, 0, 2 ], [ 1, 1, 1, 0, 1, 0, 2 ], [ 1, 1, 0, 1, 1, 1, 1 ], [ 1, 1, 1, 0, 0, 0, 2 ], 
          [ 1, 0, 0, 0, 1, 0, 2 ], [ 1, 0, 2, 1, 0, 1, 1 ], [ 1, -1, 0, 1, 2, 1, 1 ], [ 1, 0, 1, 0, 0, 2, 1 ], 
          [ 1, -1, 0, 2, 2, 0, 1 ], [ 1, 0, 1, 1, 2, 0, 1 ], [ 1, 1, 0, 0, 2, -1, 2 ], [ 1, -1, 2, 0, 1, 1, 1 ], 
          [ 1, 1, 1, 0, 1, 1, 1 ], [ 1, 1, 2, -1, 0, 0, 2 ], [ 1, 0, 1, -1, 1, 0, 2 ], [ 1, -1, 1, 0, 1, 0, 2 ], 
          [ 1, 1, 1, 1, 0, 1, 1 ], [ 1, -1, 0, 1, 1, 1, 1 ], [ 1, 0, 1, 0, 0, 0, 2 ], [ 1, 0, 0, 2, 1, 2, 0 ], 
          [ 1, -1, 2, 1, 0, 1, 1 ], [ 1, 0, 2, 0, -1, 2, 1 ], [ 1, 0, -1, 2, 2, 0, 1 ], [ 1, -1, 1, 1, 2, 0, 1 ], 
          [ 1, 1, 0, 1, 2, 0, 1 ], [ 1, 1, 1, 0, 1, -1, 2 ], [ 1, 0, 0, 0, 2, -1, 2 ], [ 1, 1, 0, 0, 1, 1, 1 ], 
          [ 1, 1, 2, 0, 0, 1, 1 ], [ 1, -1, 1, 0, 1, 1, 1 ], [ 1, 0, 2, -1, 0, 0, 2 ], [ 1, 0, 1, 1, 1, 2, 0 ], 
          [ 1, -1, 1, 2, 1, 2, 0 ], [ 1, -1, 1, 1, 0, 1, 1 ], [ 1, -1, 0, 2, 1, 2, 0 ], [ 1, 0, 1, 2, 0, 2, 0 ], 
          [ 1, 1, 0, 1, 0, 1, 1 ], [ 1, 0, 0, 2, 1, 0, 1 ], [ 1, 0, 1, 0, 2, 0, 1 ], [ 1, 1, -1, 1, 2, 0, 1 ], 
          [ 1, 1, 1, 1, 1, 0, 1 ], [ 1, -1, 0, 1, 2, 0, 1 ], [ 1, 0, 1, 0, 1, -1, 2 ], [ 1, 0, 0, 2, 2, 1, 0 ], 
          [ 1, 1, 2, 0, -1, 1, 1 ], [ 1, 0, 0, 0, 1, 1, 1 ], [ 1, -1, 2, 0, 0, 1, 1 ], [ 1, -1, 1, 1, 1, 2, 0 ], 
          [ 1, 1, 1, -1, 0, 0, 2 ], [ 1, 0, 2, 1, 0, 2, 0 ], [ 1, 0, 0, 1, 0, 1, 1 ], [ 1, -1, 1, 2, 0, 2, 0 ], 
          [ 1, 1, 2, -1, 0, 1, 1 ], [ 1, 0, 2, 0, 1, 0, 1 ], [ 1, 1, 0, 0, 2, 0, 1 ], [ 1, 1, 1, 1, 0, 0, 1 ], 
          [ 1, 0, -1, 1, 2, 0, 1 ], [ 1, -1, 1, 1, 1, 0, 1 ], [ 1, -1, 0, 2, 2, 1, 0 ], [ 1, 1, 0, 0, 1, -1, 2 ], 
          [ 1, 0, 1, 2, 1, 1, 0 ], [ 1, 0, 2, 0, -1, 1, 1 ], [ 1, 0, 0, 1, 1, 2, 0 ], [ 1, 1, 0, 0, 0, 1, 1 ], 
          [ 1, -1, 2, 1, 0, 2, 0 ], [ 1, 1, 1, 1, 0, 2, 0 ], [ 1, 0, 2, -1, 0, 1, 1 ], [ 1, 0, 0, 2, 0, 2, 0 ], 
          [ 1, 1, 0, 1, 2, -1, 1 ], [ 1, 2, 0, 0, 1, 0, 1 ], [ 1, 1, 2, 0, 0, 0, 1 ], [ 1, 0, 0, 0, 2, 0, 1 ], 
          [ 1, 0, 1, 1, 0, 0, 1 ], [ 1, 0, -1, 2, 2, 1, 0 ], [ 1, 1, -1, 1, 1, 0, 1 ], [ 1, -1, 1, 2, 1, 1, 0 ], 
          [ 1, 1, 1, -1, 1, -1, 2 ], [ 1, 1, 0, 2, 1, 1, 0 ], [ 1, 1, 1, 0, -1, 1, 1 ], [ 1, 0, 2, 1, -1, 2, 0 ], 
          [ 1, 1, 1, -1, 0, 1, 1 ], [ 1, 1, 0, 1, 0, 2, 0 ], [ 1, -1, 1, 1, 0, 2, 0 ], [ 1, 0, 2, 0, 0, 2, 0 ], 
          [ 1, 0, 0, 1, 2, -1, 1 ], [ 1, 2, 1, 0, 0, 0, 1 ], [ 1, 0, 0, 0, 1, 0, 1 ], [ 1, 0, 2, 0, 0, 0, 1 ], 
          [ 1, 0, 0, 1, 2, 1, 0 ], [ 1, 1, 0, 1, 0, 0, 1 ], [ 1, 0, 1, 2, 0, 1, 0 ], [ 1, 1, 1, -1, 1, 0, 1 ], 
          [ 1, 1, -1, 2, 1, 1, 0 ], [ 1, 1, 1, 1, 1, 1, 0 ], [ 1, -1, 0, 2, 1, 1, 0 ], [ 1, 1, 2, -1, -1, 1, 1 ], 
          [ 1, 1, 1, 1, -1, 2, 0 ], [ 1, 1, 1, 0, 0, 2, 0 ], [ 1, 1, -1, 1, 2, -1, 1 ], [ 1, 0, 0, 1, 0, 2, 0 ], 
          [ 1, 0, 0, 2, 2, 0, 0 ], [ 1, 0, 1, 0, 0, 0, 1 ], [ 1, 0, 0, 2, 1, 2, -1 ], [ 1, 2, 0, 0, 0, 0, 1 ], 
          [ 1, 0, 2, 1, 0, 1, 0 ], [ 1, 1, 2, -1, 0, 0, 1 ], [ 1, 1, 0, 2, 0, 1, 0 ], [ 1, 1, 1, 0, 1, 1, 0 ], 
          [ 1, 1, 0, 0, 2, -1, 1 ], [ 1, 0, -1, 2, 1, 1, 0 ], [ 1, -1, 1, 1, 1, 1, 0 ], [ 1, 1, 2, 0, -1, 2, 0 ], 
          [ 1, 1, 0, 1, 1, -1, 1 ], [ 1, 0, 1, 1, -1, 2, 0 ], [ 1, 0, 1, 0, 0, 2, 0 ], [ 1, 1, -1, 2, 2, 0, 0 ], 
          [ 1, 1, 0, 0, 0, 0, 1 ], [ 1, 0, 1, 2, 0, 2, -1 ], [ 1, 2, 1, -1, 0, 0, 1 ], [ 1, 2, 0, 1, 0, 1, 0 ], 
          [ 1, 1, 2, 0, 0, 1, 0 ], [ 1, 1, 1, 0, 1, -1, 1 ], [ 1, 0, 0, 2, 0, 1, 0 ], [ 1, 0, 1, 0, 1, 1, 0 ], 
          [ 1, 1, 0, 1, 2, 0, 0 ], [ 1, 1, -1, 1, 1, 1, 0 ], [ 1, 0, 2, 0, -1, 2, 0 ], [ 1, 1, 0, 2, 1, 0, 0 ], 
          [ 1, 0, -1, 2, 2, 0, 0 ], [ 1, 1, 1, -1, 0, 0, 1 ], [ 1, 1, 0, 2, 0, 2, -1 ], [ 1, 2, 1, 0, 0, 1, 0 ], 
          [ 1, 2, 0, 0, 1, -1, 1 ], [ 1, 0, 0, 1, 0, 1, 0 ], [ 1, 0, 2, 0, 0, 1, 0 ], [ 1, 1, 1, 1, 1, 0, 0 ], 
          [ 1, 1, 0, 0, 1, 1, 0 ], [ 1, 0, 0, 1, 2, 0, 0 ], [ 1, 1, 1, 1, -1, 1, 0 ], [ 1, 1, 1, 0, -1, 2, 0 ], 
          [ 1, 0, 0, 2, 1, 0, 0 ], [ 1, 1, 1, 1, 0, 2, -1 ], [ 1, 1, 0, 0, 1, -1, 1 ], [ 1, 0, 0, 2, 0, 2, -1 ], 
          [ 1, 0, 1, 0, 0, 1, 0 ], [ 1, 2, 0, 1, 1, 0, 0 ], [ 1, 2, 0, 0, 0, 1, 0 ], [ 1, 0, 1, 1, 1, 0, 0 ], 
          [ 1, 1, 2, 0, -1, 1, 0 ], [ 1, 1, -1, 1, 2, 0, 0 ], [ 1, 1, -1, 2, 1, 0, 0 ], [ 1, 0, 1, 1, 0, 2, -1 ], 
          [ 1, 1, 0, 2, 1, 1, -1 ], [ 1, 1, 0, 0, 0, 1, 0 ], [ 1, 0, 0, 1, 1, 0, 0 ], [ 1, 2, 1, 0, -1, 1, 0 ], 
          [ 1, 2, -1, 1, 1, 0, 0 ], [ 1, 1, 1, 1, 0, 0, 0 ], [ 1, 1, 1, 0, 1, 0, 0 ], [ 1, 1, 0, 1, 0, 2, -1 ], 
          [ 1, 0, 0, 2, 1, 1, -1 ], [ 1, 1, 1, 0, -1, 1, 0 ], [ 1, 1, -1, 1, 1, 0, 0 ], [ 1, 2, 0, 1, 0, 0, 0 ], 
          [ 1, 2, 0, 0, 1, 0, 0 ], [ 1, 1, 1, 1, -1, 2, -1 ], [ 1, 1, -1, 2, 1, 1, -1 ], [ 1, 1, 0, 1, 0, 0, 0 ], 
          [ 1, 1, 0, 0, 1, 0, 0 ], [ 1, 2, 1, 0, 0, 0, 0 ], [ 1, 1, 0, 2, 0, 1, -1 ], [ 1, 1, 0, 1, 1, 1, -1 ], 
          [ 1, 1, 1, 0, 0, 0, 0 ], [ 1, 1, 1, 1, 0, 1, -1 ], [ 1, 2, 0, 0, 0, 0, 0 ], [ 1, 2, 0, 1, 0, 1, -1 ], 
          [ 1, 1, 0, 1, 0, 1, -1 ], [ 1, -1, 2, 0, 0, 2, 2 ], [ 1, -1, 0, 2, 2, 0, 2 ], [ 1, -1, 2, 0, 2, 0, 2 ], 
          [ 1, 1, 0, 0, 2, 0, 2 ], [ 1, 1, 2, 0, 0, 0, 2 ], [ 1, -1, 0, 0, 2, 0, 2 ], [ 1, -1, 2, 0, 0, 0, 2 ], 
          [ 1, -1, 0, 2, 2, 2, 0 ], [ 1, 1, 0, 0, 0, 0, 2 ], [ 1, -1, 2, 2, 0, 2, 0 ], [ 1, 1, 2, -2, 0, 0, 2 ], 
          [ 1, 1, 0, 2, 0, 2, 0 ], [ 1, 1, 2, 0, 0, 2, 0 ], [ 1, 1, 0, 0, 2, -2, 2 ], [ 1, -1, 0, 2, 0, 2, 0 ], 
          [ 1, -1, 2, 0, 0, 2, 0 ], [ 1, 1, 0, 2, 2, 0, 0 ], [ 1, 1, 0, 0, 0, 2, 0 ], [ 1, -1, 0, 2, 2, 0, 0 ], 
          [ 1, 1, 2, 0, -2, 2, 0 ], [ 1, 1, -2, 2, 2, 0, 0 ], [ 1, 1, 0, 2, 0, 0, 0 ], [ 1, 1, 0, 0, 2, 0, 0 ], 
          [ 1, 1, 2, 0, 0, 0, 0 ], [ 1, 3, 0, 0, 0, 0, 0 ], [ 1, 1, 0, 0, 0, 0, 0 ], [ 1, 1, 0, 2, 0, 2, -2 ], 
          [ 1, 0, 2, -1, -1, 2, 1 ], [ 1, 0, 1, 0, -1, 2, 1 ], [ 1, 1, 2, -1, -1, 2, 1 ], [ 1, 0, 2, 0, -1, 3, 0 ], 
          [ 1, 0, -1, 2, 2, -1, 1 ], [ 1, -1, 2, 0, -1, 2, 1 ], [ 1, 1, 1, 0, -1, 2, 1 ], [ 1, 0, 1, 1, -1, 3, 0 ], 
          [ 1, 0, -1, 2, 1, 0, 1 ], [ 1, 0, 3, -1, -1, 2, 1 ], [ 1, 1, -1, 2, 2, -1, 1 ], [ 1, 0, -1, 3, 2, 0, 0 ], 
          [ 1, 0, 1, 0, 2, -1, 1 ], [ 1, -1, 1, 0, 0, 2, 1 ], [ 1, 1, 2, 0, -1, 2, 1 ], [ 1, -1, 2, 1, -1, 3, 0 ], 
          [ 1, -1, 0, 2, 1, 0, 1 ], [ 1, -1, 3, 0, -1, 2, 1 ], [ 1, 1, -1, 2, 1, 0, 1 ], [ 1, 0, -1, 3, 1, 1, 0 ], 
          [ 1, 0, 2, -1, 1, 0, 1 ], [ 1, 0, 1, 1, -1, 2, 1 ], [ 1, 0, 2, -1, 0, 2, 1 ], [ 1, 0, 0, 2, 2, -1, 1 ], 
          [ 1, 1, 1, 0, 2, -1, 1 ], [ 1, 0, 1, 1, 2, 0, 0 ], [ 1, 2, -1, 0, 2, -1, 1 ], [ 1, 1, 1, 0, 0, 2, 1 ], 
          [ 1, -1, 1, 1, 0, 3, 0 ], [ 1, -1, -1, 2, 2, 0, 1 ], [ 1, 0, 3, 0, -1, 2, 1 ], [ 1, 1, 2, -1, -1, 1, 2 ], 
          [ 1, 1, 0, 2, 1, 0, 1 ], [ 1, 0, 2, 1, -1, 3, 0 ], [ 1, -1, 0, 3, 1, 1, 0 ], [ 1, -1, 2, 0, 1, 0, 1 ], 
          [ 1, -1, 2, 1, -1, 2, 1 ], [ 1, -1, 1, 0, 1, 2, 1 ], [ 1, -1, 1, 2, 1, 0, 1 ], [ 1, 1, 2, -1, 1, 0, 1 ], 
          [ 1, 0, 2, 0, 1, 1, 0 ], [ 1, 2, 0, -1, 1, 0, 1 ], [ 1, 0, 0, 1, 0, 2, 1 ], [ 1, 0, 0, 2, 0, 1, 1 ], 
          [ 1, 0, -1, 2, 3, -1, 1 ], [ 1, 0, 1, 1, 2, -1, 1 ], [ 1, 2, 0, 0, 2, -1, 1 ], [ 1, 2, -1, 1, 2, 0, 0 ], 
          [ 1, 2, 1, 0, 0, -1, 1 ], [ 1, 1, -1, 0, 2, -1, 1 ], [ 1, -1, 3, 0, 0, 2, 1 ], [ 1, 1, 1, -1, 0, 1, 2 ], 
          [ 1, 1, -1, 2, 2, 0, 1 ], [ 1, 0, 1, 1, 0, 3, 0 ], [ 1, -1, -1, 3, 2, 1, 0 ], [ 1, -1, 1, 0, 2, 0, 1 ], 
          [ 1, 0, 2, 1, -1, 2, 1 ], [ 1, 0, 1, 0, 1, 2, 1 ], [ 1, 0, 3, -1, -1, 1, 2 ], [ 1, 0, 1, 2, 1, 0, 1 ], 
          [ 1, 0, 2, -1, -1, 1, 2 ], [ 1, 1, 0, 1, 1, -1, 2 ], [ 1, 1, 2, 0, 1, 0, 1 ], [ 1, 0, 0, 3, 1, 1, 0 ], 
          [ 1, -1, 2, 1, 1, 1, 0 ], [ 1, 2, -1, 0, 1, 0, 1 ], [ 1, -1, 0, 1, 1, 2, 1 ], [ 1, -1, 1, 2, 0, 1, 1 ], 
          [ 1, -1, -1, 2, 3, 0, 1 ], [ 1, -1, 2, 1, 1, 0, 1 ], [ 1, 2, 1, -1, 1, 0, 1 ], [ 1, 2, 0, 0, 1, 1, 0 ], 
          [ 1, 2, 2, -1, -1, 0, 1 ], [ 1, 1, 0, -1, 1, 0, 1 ], [ 1, -2, 2, 1, 0, 2, 1 ], [ 1, 0, -1, 2, 1, 1, 1 ], 
          [ 1, 0, 3, -1, 0, 1, 1 ], [ 1, 0, 0, 1, 3, -1, 1 ], [ 1, 2, -1, 1, 2, -1, 1 ], [ 1, 2, 1, 0, 1, -1, 1 ], 
          [ 1, 0, 0, 0, 2, -1, 1 ], [ 1, 2, 1, 1, 0, 0, 0 ], [ 1, 0, -1, 1, 2, 0, 0 ], [ 1, 1, 1, 0, 0, -1, 1 ], 
          [ 1, 1, -1, 2, 2, 1, -1 ], [ 1, -1, 1, 2, 0, 2, 1 ], [ 1, -1, 2, 0, 1, 2, 1 ], [ 1, -1, 3, -1, 0, 1, 2 ], 
          [ 1, -1, 1, 2, 2, 0, 1 ], [ 1, 0, 1, -1, 0, 1, 2 ], [ 1, 1, -1, 1, 2, -1, 2 ], [ 1, 1, 1, 0, 2, 0, 1 ], 
          [ 1, -1, 2, 1, 0, 3, 0 ], [ 1, 0, -1, 3, 2, 1, 0 ], [ 1, -1, 1, 1, 2, 1, 0 ], [ 1, 1, -1, 0, 2, 0, 1 ], 
          [ 1, 0, 0, 1, 1, 2, 1 ], [ 1, 0, 2, 0, -1, 1, 2 ], [ 1, 0, 1, 2, 0, 1, 1 ], [ 1, 0, 1, -1, 1, 1, 2 ], 
          [ 1, 0, -1, 2, 3, 0, 1 ], [ 1, 0, 1, 1, 1, -1, 2 ], [ 1, 0, 2, 1, 1, 0, 1 ], [ 1, 0, 0, 1, 1, -1, 2 ], 
          [ 1, 1, 2, -1, 1, -1, 2 ], [ 1, 2, 1, 0, 1, 0, 1 ], [ 1, 0, 2, 1, 1, 1, 0 ], [ 1, 2, -1, 1, 1, 1, 0 ], 
          [ 1, 2, 1, 0, -1, 0, 1 ], [ 1, 1, -1, 0, 1, 0, 1 ], [ 1, -2, 1, 1, 1, 2, 1 ], [ 1, -1, -1, 2, 2, 1, 1 ], 
          [ 1, -1, 3, 0, 0, 1, 1 ], [ 1, -1, 0, 1, 3, 0, 1 ], [ 1, 2, -1, 1, 1, 0, 1 ], [ 1, 2, 2, -1, 0, 0, 1 ], 
          [ 1, 0, 1, -1, 1, 0, 1 ], [ 1, 2, 2, 0, -1, 1, 0 ], [ 1, 0, 0, 0, 1, 1, 0 ], [ 1, 1, 2, -1, -1, 0, 1 ], 
          [ 1, 1, 0, 1, 1, 2, -1 ], [ 1, 0, 2, 1, 0, 2, 1 ], [ 1, -2, 1, 2, 1, 1, 1 ], [ 1, 0, 2, -1, 1, 1, 1 ], 
          [ 1, 2, 1, -1, 0, 1, 1 ], [ 1, 1, -1, 1, 3, -1, 1 ], [ 1, 2, 0, 1, 1, -1, 1 ], [ 1, 0, -1, 1, 2, -1, 1 ], 
          [ 1, 0, 1, 0, 1, -1, 1 ], [ 1, 0, 0, 2, 2, 1, -1 ], [ 1, 0, 1, 1, 0, 0, 0 ], [ 1, 0, -1, 2, 2, 1, -1 ], 
          [ 1, 2, 0, 0, 0, -1, 1 ], [ 1, 1, 1, 2, 0, 1, -1 ], [ 1, -1, 0, 2, 1, 2, 1 ], [ 1, -1, 1, 1, 0, 1, 2 ], 
          [ 1, -1, 2, -1, 1, 1, 2 ], [ 1, -1, 0, 2, 3, 0, 1 ], [ 1, 0, 3, -1, 0, 1, 2 ], [ 1, -1, 1, 1, 2, -1, 2 ], 
          [ 1, -1, 2, -1, 0, 1, 2 ], [ 1, 0, -1, 1, 2, -1, 2 ], [ 1, 1, 1, -1, 2, -1, 2 ], [ 1, -1, 1, 2, 0, 3, 0 ], 
          [ 1, -1, 0, 3, 2, 1, 0 ], [ 1, 0, 1, 1, 2, 1, 0 ], [ 1, 1, -1, 1, 2, 1, 0 ], [ 1, 1, 2, 0, -1, 0, 1 ], 
          [ 1, -2, 2, 1, 1, 2, 1 ], [ 1, 0, 0, 0, 1, 1, 2 ], [ 1, 0, -1, 2, 2, 1, 1 ], [ 1, 0, 1, 1, 0, 0, 2 ], 
          [ 1, 0, 3, 0, 0, 1, 1 ], [ 1, 0, -1, 1, 3, -1, 2 ], [ 1, 0, 0, 1, 3, 0, 1 ], [ 1, 0, 2, 0, 1, -1, 2 ], 
          [ 1, 2, 0, 1, 1, 0, 1 ], [ 1, 0, 2, -1, 1, -1, 2 ], [ 1, 2, 1, -1, 1, -1, 2 ], [ 1, -1, 1, 0, 1, 0, 1 ], 
          [ 1, 2, 0, 1, 1, 1, 0 ], [ 1, 2, 1, 1, -1, 1, 0 ], [ 1, 0, -1, 1, 1, 1, 0 ], [ 1, 1, 1, 0, -1, 0, 1 ], 
          [ 1, 1, -1, 2, 1, 2, -1 ], [ 1, 0, 1, 1, 1, 2, 1 ], [ 1, -2, 0, 2, 2, 1, 1 ], [ 1, -1, 1, 0, 2, 1, 1 ], 
          [ 1, 2, 0, 0, 0, 1, 1 ], [ 1, 0, -1, 1, 3, 0, 1 ], [ 1, 2, 0, 1, 0, 0, 1 ], [ 1, 0, -1, 1, 1, 0, 1 ], 
          [ 1, 0, 2, -1, 0, 0, 1 ], [ 1, 0, 1, 1, 1, 2, -1 ], [ 1, 0, 2, 0, -1, 1, 0 ], [ 1, 0, 0, 1, 1, 2, -1 ], 
          [ 1, 2, 1, -1, -1, 0, 1 ], [ 1, 1, 2, 1, -1, 2, -1 ], [ 1, 0, 2, -1, 0, 0, 3 ], [ 1, 0, 1, 2, 1, 1, 1 ], 
          [ 1, -2, 2, 1, 1, 1, 1 ], [ 1, 1, 1, -1, 1, 1, 1 ], [ 1, 2, 2, -1, -1, 1, 1 ], [ 1, 0, 1, -1, 0, 1, 1 ], 
          [ 1, 1, 1, 1, 1, -1, 1 ], [ 1, 0, -1, 1, 3, -1, 1 ], [ 1, 0, 0, 1, 1, -1, 1 ], [ 1, 0, -1, 3, 2, 1, -1 ], 
          [ 1, 2, -1, 0, 1, -1, 1 ], [ 1, 0, 1, 2, 1, 1, -1 ], [ 1, 2, -1, 1, 0, 0, 0 ], [ 1, 0, 1, 2, 0, 1, -1 ], 
          [ 1, 2, 1, -1, 0, -1, 1 ], [ 1, 2, 0, 2, 0, 1, -1 ], [ 1, -2, 1, 2, 1, 2, 1 ], [ 1, -1, 0, 1, 1, 1, 2 ], 
          [ 1, 0, 1, 1, 0, 1, 2 ], [ 1, 0, 2, -1, 1, 1, 2 ], [ 1, -1, 0, 1, 3, -1, 2 ], [ 1, 1, 2, -1, 0, 1, 2 ], 
          [ 1, 0, 1, 1, 2, -1, 2 ], [ 1, -1, 1, 0, 0, 1, 2 ], [ 1, -1, 0, 1, 2, -1, 2 ], [ 1, 0, 1, -1, 2, -1, 2 ], 
          [ 1, -1, 0, 3, 1, 2, 0 ], [ 1, -1, 1, 2, 2, 1, 0 ], [ 1, 1, 0, 1, 2, 1, 0 ], [ 1, 1, 2, 1, -1, 1, 0 ], 
          [ 1, 0, -1, 1, 2, 1, 0 ], [ 1, -1, 2, 1, 1, 2, 1 ], [ 1, -2, 2, 0, 1, 1, 2 ], [ 1, -2, 1, 2, 2, 1, 1 ], 
          [ 1, 0, -1, 1, 2, 0, 2 ], [ 1, 0, 1, 0, 2, 1, 1 ], [ 1, 0, 3, -1, 0, 0, 2 ], [ 1, 2, 1, 0, 0, 1, 1 ], 
          [ 1, 0, 0, 0, 3, -1, 2 ], [ 1, 2, 0, 0, 1, -1, 2 ], [ 1, -1, 0, 1, 1, 0, 1 ], [ 1, 2, 0, -1, 1, -1, 2 ], 
          [ 1, 0, 1, -1, 1, -1, 2 ], [ 1, -1, 1, 2, 1, 2, -1 ], [ 1, 2, 1, 1, 0, 1, 0 ], [ 1, -1, 0, 1, 1, 1, 0 ], 
          [ 1, 0, 1, 1, -1, 1, 0 ], [ 1, 0, -1, 2, 1, 2, -1 ], [ 1, 1, 1, 2, -1, 2, -1 ], [ 1, 0, 1, -1, 1, 0, 3 ], 
          [ 1, 0, 0, 2, 2, 1, 1 ], [ 1, -2, 1, 1, 2, 1, 1 ], [ 1, 0, 0, 0, 2, 1, 1 ], [ 1, 2, 1, 0, -1, 1, 1 ], 
          [ 1, 0, 0, 0, 0, 1, 1 ], [ 1, 0, 2, 1, 0, 0, 1 ], [ 1, 0, 0, 1, 0, 0, 1 ], [ 1, 0, -1, 3, 1, 2, -1 ], 
          [ 1, 2, 0, -1, 0, 0, 1 ], [ 1, 0, 2, 1, 0, 2, -1 ], [ 1, 2, 0, 0, -1, 1, 0 ], [ 1, 0, 2, 1, -1, 2, -1 ], 
          [ 1, 2, 1, 1, -1, 2, -1 ], [ 1, 0, 1, 0, 1, -1, 3 ], [ 1, 0, 2, 1, 1, 1, 1 ], [ 1, 1, -1, 1, 1, 1, 1 ], 
          [ 1, 1, 3, -1, -1, 1, 1 ], [ 1, 0, 1, -1, 1, 1, 1 ], [ 1, 0, 2, -1, -1, 1, 1 ], [ 1, 0, 1, 1, 0, 3, -1 ], 
          [ 1, 0, 1, 1, 1, -1, 1 ], [ 1, 0, -1, 2, 3, 0, 0 ], [ 1, 1, -1, 1, 1, -1, 1 ], [ 1, 0, 0, 3, 1, 1, -1 ], 
          [ 1, 2, 0, -1, 1, -1, 1 ], [ 1, 2, -1, 2, 1, 1, -1 ], [ 1, 2, 1, -1, 0, 0, 0 ], [ 1, 2, -1, 2, 0, 1, -1 ], 
          [ 1, 2, 1, 1, 0, 1, -1 ], [ 1, 0, 0, 2, 0, 1, -1 ], [ 1, -1, 1, 2, 1, 2, 1 ], [ 1, -2, 1, 1, 1, 1, 2 ], 
          [ 1, 0, 0, 1, 1, 1, 2 ], [ 1, -1, 2, 1, 0, 1, 2 ], [ 1, 0, 0, 1, 3, -1, 2 ], [ 1, 1, 1, 0, 0, 1, 2 ], 
          [ 1, 1, 0, 1, 2, -1, 2 ], [ 1, -1, 0, 1, 1, 0, 2 ], [ 1, -1, 1, 0, 2, -1, 2 ], [ 1, 1, 0, -1, 2, -1, 2 ], 
          [ 1, -1, 2, 1, 1, 2, 0 ], [ 1, 1, -1, 2, 2, 1, 0 ], [ 1, 1, 2, 1, 0, 1, 0 ], [ 1, -1, 0, 1, 2, 1, 0 ], 
          [ 1, 0, 2, 1, -1, 1, 0 ], [ 1, -1, 2, -1, 1, 0, 3 ], [ 1, -1, 1, 2, 2, 1, 1 ], [ 1, 0, 2, 0, 1, 1, 2 ], 
          [ 1, -2, 1, 1, 2, 0, 2 ], [ 1, 0, 1, -1, 2, 0, 2 ], [ 1, 2, 1, -1, 0, 0, 2 ], [ 1, -1, 1, 0, 0, 1, 1 ], 
          [ 1, 0, 0, 0, 1, -1, 2 ], [ 1, -1, 0, 3, 1, 2, -1 ], [ 1, 2, 1, -1, 0, -1, 2 ], [ 1, 1, 0, -1, 1, -1, 2 ], 
          [ 1, 0, 1, 2, 1, 2, -1 ], [ 1, -1, 1, 1, 0, 1, 0 ], [ 1, -1, 0, 2, 1, 2, -1 ], [ 1, 1, 0, 1, -1, 1, 0 ], 
          [ 1, 0, 1, 2, -1, 2, -1 ], [ 1, 0, 0, 0, 2, -1, 3 ], [ 1, 0, 1, 1, 2, 1, 1 ], [ 1, 0, -1, 1, 2, 1, 1 ], 
          [ 1, 0, 3, 0, -1, 1, 1 ], [ 1, 0, 1, 0, -1, 1, 1 ], [ 1, 0, 0, 2, 0, 3, -1 ], [ 1, 0, 0, 3, 0, 2, -1 ], 
          [ 1, 2, 0, 1, 0, 2, -1 ], [ 1, 2, 1, -1, -1, 1, 0 ], [ 1, 2, 0, 1, -1, 2, -1 ], [ 1, 0, 1, 1, -1, 2, -1 ], 
          [ 1, 0, 2, -1, 1, -1, 3 ], [ 1, 1, 1, 1, 1, 1, 1 ], [ 1, 1, 1, 1, -1, 1, 1 ], [ 1, 0, -1, 1, 1, 1, 1 ], 
          [ 1, 0, 3, -1, -1, 1, 1 ], [ 1, 0, 1, 0, 1, 2, 0 ], [ 1, 1, 1, -1, -1, 1, 1 ], [ 1, 0, 2, 1, -1, 3, -1 ], 
          [ 1, 2, -1, 1, 1, -1, 1 ], [ 1, 0, 1, 2, 1, 0, 0 ], [ 1, 1, 1, -1, 1, -1, 1 ], [ 1, 1, -1, 3, 1, 1, -1 ], 
          [ 1, 2, 0, 1, 1, 1, -1 ], [ 1, 0, -1, 2, 1, 1, -1 ], [ 1, 2, 1, 0, 0, 1, -1 ], [ 1, 2, 0, 0, 1, -1, 0 ], 
          [ 1, 1, -1, 2, 0, 1, -1 ], [ 1, 0, 1, 1, 0, 1, -1 ], [ 1, -1, 1, 0, 1, 0, 3 ], [ 1, 0, 1, 1, 1, 1, 2 ], 
          [ 1, -2, 2, 1, 1, 1, 2 ], [ 1, -1, 3, 0, 0, 1, 2 ], [ 1, -1, 0, 1, 2, 1, 2 ], [ 1, 1, 0, 1, 1, 0, 2 ], 
          [ 1, 1, 1, 0, 2, -1, 2 ], [ 1, -1, 2, -1, 1, 0, 2 ], [ 1, 1, -1, 0, 2, -1, 2 ], [ 1, 1, 2, -1, 0, -1, 2 ], 
          [ 1, 1, 0, 1, 1, 2, 0 ], [ 1, 1, 1, 2, 0, 1, 0 ], [ 1, -1, -1, 2, 2, 1, 0 ], [ 1, -1, 2, 1, 0, 1, 0 ], 
          [ 1, 2, 0, 1, -1, 1, 0 ], [ 1, 0, 2, -1, 1, 0, 3 ], [ 1, -1, 1, 0, 2, -1, 3 ], [ 1, 0, 1, 1, 2, 0, 2 ], 
          [ 1, 0, 1, -1, 0, 0, 2 ], [ 1, -1, 1, 2, 0, 3, -1 ], [ 1, 0, 0, 3, 1, 2, -1 ], [ 1, 1, 1, -1, 0, -1, 2 ], 
          [ 1, 1, 0, 2, 1, 2, -1 ], [ 1, 1, -1, 1, 0, 1, 0 ], [ 1, -1, 1, 2, 0, 2, -1 ], [ 1, 1, 2, -1, -1, 1, 0 ], 
          [ 1, 1, 0, 2, -1, 2, -1 ], [ 1, 0, 1, -1, 2, -1, 3 ], [ 1, 0, 2, 1, -1, 1, 1 ], [ 1, 0, 1, 2, -1, 3, -1 ], 
          [ 1, 0, 0, 1, 0, 2, -1 ], [ 1, 2, 1, 0, -1, 2, -1 ], [ 1, 2, -1, 1, 1, -1, 0 ], [ 1, 1, 0, 1, -1, 2, -1 ], 
          [ 1, 1, 1, -1, 1, -1, 3 ], [ 1, -2, 1, 1, 1, 1, 1 ], [ 1, 0, 1, 1, -1, 1, 1 ], [ 1, 0, -1, 2, 1, 2, 0 ], 
          [ 1, 2, 1, -1, -1, 1, 1 ], [ 1, 0, 3, 0, -1, 2, 0 ], [ 1, 1, 1, 1, -1, 3, -1 ], [ 1, 2, 1, -1, 1, -1, 1 ], 
          [ 1, 2, -1, 2, 1, 0, 0 ], [ 1, 1, 1, 1, 1, 1, -1 ], [ 1, 0, -1, 3, 1, 1, -1 ], [ 1, 0, 0, 1, 1, 1, -1 ], 
          [ 1, 1, 1, 0, 0, 1, -1 ], [ 1, 2, 0, 1, 1, 0, -1 ], [ 1, 2, -1, 1, 0, 1, -1 ], [ 1, 0, 1, 0, 1, 0, 3 ], 
          [ 1, -1, 2, 1, 1, 1, 2 ], [ 1, -2, 1, 1, 2, 1, 2 ], [ 1, -1, 1, 0, 2, 1, 2 ], [ 1, -1, 2, 1, 1, 0, 2 ], 
          [ 1, 1, 2, -1, 1, 0, 2 ], [ 1, 1, 0, -1, 1, 0, 2 ], [ 1, 1, 1, 0, 0, -1, 2 ], [ 1, 1, 2, 1, -1, 2, 0 ], 
          [ 1, -1, 0, 1, 1, 2, 0 ], [ 1, -1, 1, 2, 0, 1, 0 ], [ 1, 2, -1, 1, 0, 1, 0 ], [ 1, 2, 2, -1, -1, 1, 0 ], 
          [ 1, 0, 1, 0, 2, -1, 3 ], [ 1, 0, 1, 2, 0, 3, -1 ], [ 1, 1, 1, 2, 0, 2, -1 ], [ 1, 1, 1, -1, 0, 1, 0 ], 
          [ 1, 1, -1, 2, 0, 2, -1 ], [ 1, 1, 2, 0, -1, 2, -1 ], [ 1, 1, 0, 1, 1, -1, 0 ], [ 1, 1, 1, 0, -1, 2, -1 ], 
          [ 1, 2, -1, 2, 1, 0, -1 ], [ 1, 0, 1, -1, 1, -1, 3 ], [ 1, -2, 1, 2, 1, 2, 0 ], [ 1, 0, 1, 2, -1, 2, 0 ], 
          [ 1, 2, 1, 0, -1, 2, 0 ], [ 1, 0, 1, 1, -1, 3, -1 ], [ 1, 2, 1, 0, 1, 0, 0 ], [ 1, 0, -1, 2, 1, 0, 0 ], 
          [ 1, 0, 1, 1, 1, 1, -1 ], [ 1, 1, -1, 1, 1, 1, -1 ], [ 1, 2, 0, 0, 0, 1, -1 ], [ 1, 1, 0, 1, 1, 0, -1 ], 
          [ 1, 2, 0, 1, -1, 1, -1 ], [ 1, -1, 2, 0, 1, 0, 3 ], [ 1, -1, 1, 1, 2, 1, 2 ], [ 1, -1, 0, 1, 3, 0, 2 ], 
          [ 1, 1, 2, -1, -1, 0, 2 ], [ 1, -1, 2, 1, -1, 2, 0 ], [ 1, 1, -1, 2, 0, 1, 0 ], [ 1, 2, 1, -1, 0, 1, 0 ], 
          [ 1, 2, 0, 1, 1, -1, 0 ], [ 1, 1, 1, 0, 0, 2, -1 ], [ 1, 1, -1, 1, 2, -1, 0 ], [ 1, 1, 0, 2, 1, 0, -1 ], 
          [ 1, 1, -1, 2, 1, 0, -1 ], [ 1, 0, 1, 2, 1, 2, 0 ], [ 1, 0, 1, 0, -1, 2, 0 ], [ 1, 0, 1, 0, 1, 0, 0 ], 
          [ 1, 2, -1, 1, 1, 1, -1 ], [ 1, 1, 1, 1, -1, 1, -1 ], [ 1, 2, 1, 0, -1, 1, -1 ], [ 1, 2, -1, 1, 1, 0, -1 ],
          [ 1, -1, 1, 0, 2, 0, 3 ], [ 1, 1, 0, 1, -1, 2, 0 ], [ 1, 1, 2, -1, 0, 1, 0 ], [ 1, 2, -1, 1, 2, -1, 0 ], 
          [ 1, 1, -1, 2, 2, 0, -1 ], [ 1, 2, -1, 0, 1, 0, 0 ], [ 1, 2, 1, 1, -1, 1, -1 ], [ 1, 2, 0, 1, 0, 0, -1 ], 
          [ 1, 1, 2, -1, -1, 2, 0 ], [ 1, 1, 0, 1, 2, -1, 0 ], [ 1, 2, 1, 0, -1, 0, 0 ], [ 1, 1, -1, 2, 2, -1, 0 ], 
          [ 1, 1, 0, 1, 1, 0, 0 ], [ 1, 1, 1, 0, 0, 1, 0 ], [ 1, 1, 0, 1, 0, 1, 0 ], [ 1, 0, 1, 1, 0, 1, 0 ], 
          [ 1, 1, 1, 1, 0, 1, 0 ], [ 1, 0, 0, 1, 1, 1, 0 ], [ 1, 1, 0, 1, 1, 1, 0 ], [ 1, 0, 1, 1, 1, 1, 0 ], 
          [ 1, 0, 0, 2, 1, 1, 0 ], [ 1, 0, 1, 1, 0, 2, 0 ], [ 1, 1, 1, 0, 0, 0, 1 ], [ 1, 1, 0, 0, 1, 0, 1 ], 
          [ 1, 0, 1, 0, 1, 0, 1 ], [ 1, 1, 1, 0, 1, 0, 1 ], [ 1, 0, 0, 1, 1, 0, 1 ], [ 1, 1, 0, 1, 1, 0, 1 ], 
          [ 1, 0, 1, 1, 1, 0, 1 ], [ 1, 0, 0, 1, 2, 0, 1 ], [ 1, 0, 1, 0, 0, 1, 1 ], [ 1, 1, 1, 0, 0, 1, 1 ], 
          [ 1, 0, 2, 0, 0, 1, 1 ], [ 1, 0, 1, 1, 0, 1, 1 ], [ 1, 0, 1, 0, 1, 1, 1 ], [ 1, 0, 0, 1, 1, 1, 1 ], 
          [ 1, -1, 1, 1, 1, 1, 1 ], [ 1, 0, 1, 1, 1, 1, 1 ], [ 1, 0, 1, 0, 1, 0, 2 ] ],
      TheQuadForm := [ [ 2, 1, 1, 1, 1, 1 ], [ 1, 2, 1, 1, 0, 0 ], [ 1, 1, 2, 0, 0, 1 ], [ 1, 1, 0, 2, 1, 0 ], 
          [ 1, 0, 0, 1, 2, 1 ], [ 1, 0, 1, 0, 1, 2 ] ],
      TheQuadFunction := [ [ 10, -4, -3, -3, -3, -3, -3 ], [ -4, 2, 1, 1, 1, 1, 1 ], [ -3, 1, 2, 1, 1, 0, 0 ], 
          [ -3, 1, 1, 2, 0, 0, 1 ], [ -3, 1, 1, 0, 2, 1, 0 ], [ -3, 1, 0, 0, 1, 2, 1 ], [ -3, 1, 0, 1, 0, 1, 2 ] ],
      TheStab := rec(
          GRPperm := Group( [ ( 5,11)( 7,12)( 8,13)( 9,15)(10,19)(26,27), ( 4, 5)( 6, 7)(13,14)(15,16)(19,20)(25,26),
              ( 4, 6)( 5, 7)(11,12)(17,18)(21,23)(22,24), ( 3, 4)( 7, 8)(12,13)(16,17)(20,21)(24,25), 
              ( 2, 3)( 8, 9)(13,15)(14,16)(21,22)(23,24), ( 1, 2)( 9,10)(15,19)(16,20)(17,21)(18,23) ] ),
          TheMatrGRP := 
           Group(
            [ [ [ 1, 0, 0, 3, 0, 3, -3 ], [ 0, 1, 0, -1, 0, -1, 1 ], [ 0, 0, 1, -1, 0, -1, 1 ], 
                  [ 0, 0, 0, 0, 0, -1, 1 ], [ 0, 0, 0, -1, 1, -1, 1 ], [ 0, 0, 0, -1, 0, 0, 1 ], 
                  [ 0, 0, 0, 0, 0, 0, 1 ] ], 
              [ [ 1, 4, 0, 0, 0, 0, 0 ], [ 0, -1, 0, 0, 0, 0, 0 ], [ 0, -1, 1, 0, 0, 0, 0 ], 
                  [ 0, -1, 0, 1, 0, 0, 0 ], [ 0, -1, 0, 0, 1, 0, 0 ], [ 0, -1, 0, 0, 0, 1, 0 ], 
                  [ 0, -1, 0, 0, 0, 0, 1 ] ], 
              [ [ 1, 0, 0, 0, 0, 0, 0 ], [ 0, 1, 0, 0, 0, 0, 0 ], [ 0, 0, 0, 0, 1, 0, 0 ], [ 0, 0, -1, 1, 1, 0, 0 ], 
                  [ 0, 0, 1, 0, 0, 0, 0 ], [ 0, 0, 1, 0, -1, 1, 0 ], [ 0, 0, 0, 0, 0, 0, 1 ] ], 
              [ [ 1, 1, -1, 0, 0, 0, 0 ], [ 0, 0, 1, 0, 0, 0, 0 ], [ 0, 1, 0, 0, 0, 0, 0 ], [ 0, 0, 0, 1, 0, 0, 0 ], 
                  [ 0, 0, 0, 0, 1, 0, 0 ], [ 0, -1, 1, 0, 0, 1, 0 ], [ 0, -1, 1, 0, 0, 0, 1 ] ], 
              [ [ 1, 0, 0, 0, 0, 0, 0 ], [ 0, 1, 0, 0, 0, 0, 0 ], [ 0, 0, 0, 1, 0, 0, 0 ], [ 0, 0, 1, 0, 0, 0, 0 ], 
                  [ 0, 0, -1, 1, 1, 0, 0 ], [ 0, 0, 0, 0, 0, 1, 0 ], [ 0, 0, 1, -1, 0, 0, 1 ] ], 
              [ [ 1, 0, 0, 0, 0, 0, 0 ], [ 0, 1, 0, 0, 0, 0, 0 ], [ 0, 0, 1, 0, 0, 0, 0 ], [ 0, 0, 1, 0, -1, 1, 0 ], 
                  [ 0, 0, 0, 0, 1, 0, 0 ], [ 0, 0, -1, 1, 1, 0, 0 ], [ 0, 0, 0, 0, 0, 0, 1 ] ] ]),
          phi := GroupHomomorphismByImages( Group( [ ( 5,11)( 7,12)( 8,13)( 9,15)(10,19)(26,27), 
              ( 4, 5)( 6, 7)(13,14)(15,16)(19,20)(25,26), ( 4, 6)( 5, 7)(11,12)(17,18)(21,23)(22,24), 
              ( 3, 4)( 7, 8)(12,13)(16,17)(20,21)(24,25), ( 2, 3)( 8, 9)(13,15)(14,16)(21,22)(23,24), 
              ( 1, 2)( 9,10)(15,19)(16,20)(17,21)(18,23) ] ), Group(
            [ [ [ 1, 0, 0, 3, 0, 3, -3 ], [ 0, 1, 0, -1, 0, -1, 1 ], [ 0, 0, 1, -1, 0, -1, 1 ], 
                  [ 0, 0, 0, 0, 0, -1, 1 ], [ 0, 0, 0, -1, 1, -1, 1 ], [ 0, 0, 0, -1, 0, 0, 1 ], 
                  [ 0, 0, 0, 0, 0, 0, 1 ] ], 
              [ [ 1, 4, 0, 0, 0, 0, 0 ], [ 0, -1, 0, 0, 0, 0, 0 ], [ 0, -1, 1, 0, 0, 0, 0 ], 
                  [ 0, -1, 0, 1, 0, 0, 0 ], [ 0, -1, 0, 0, 1, 0, 0 ], [ 0, -1, 0, 0, 0, 1, 0 ], 
                  [ 0, -1, 0, 0, 0, 0, 1 ] ], 
              [ [ 1, 0, 0, 0, 0, 0, 0 ], [ 0, 1, 0, 0, 0, 0, 0 ], [ 0, 0, 0, 0, 1, 0, 0 ], [ 0, 0, -1, 1, 1, 0, 0 ], 
                  [ 0, 0, 1, 0, 0, 0, 0 ], [ 0, 0, 1, 0, -1, 1, 0 ], [ 0, 0, 0, 0, 0, 0, 1 ] ], 
              [ [ 1, 1, -1, 0, 0, 0, 0 ], [ 0, 0, 1, 0, 0, 0, 0 ], [ 0, 1, 0, 0, 0, 0, 0 ], [ 0, 0, 0, 1, 0, 0, 0 ], 
                  [ 0, 0, 0, 0, 1, 0, 0 ], [ 0, -1, 1, 0, 0, 1, 0 ], [ 0, -1, 1, 0, 0, 0, 1 ] ], 
              [ [ 1, 0, 0, 0, 0, 0, 0 ], [ 0, 1, 0, 0, 0, 0, 0 ], [ 0, 0, 0, 1, 0, 0, 0 ], [ 0, 0, 1, 0, 0, 0, 0 ], 
                  [ 0, 0, -1, 1, 1, 0, 0 ], [ 0, 0, 0, 0, 0, 1, 0 ], [ 0, 0, 1, -1, 0, 0, 1 ] ], 
              [ [ 1, 0, 0, 0, 0, 0, 0 ], [ 0, 1, 0, 0, 0, 0, 0 ], [ 0, 0, 1, 0, 0, 0, 0 ], [ 0, 0, 1, 0, -1, 1, 0 ], 
                  [ 0, 0, 0, 0, 1, 0, 0 ], [ 0, 0, -1, 1, 1, 0, 0 ], [ 0, 0, 0, 0, 0, 0, 1 ] ] ]), 
            [ ( 5,11)( 7,12)( 8,13)( 9,15)(10,19)(26,27), ( 4, 5)( 6, 7)(13,14)(15,16)(19,20)(25,26), 
              ( 4, 6)( 5, 7)(11,12)(17,18)(21,23)(22,24), ( 3, 4)( 7, 8)(12,13)(16,17)(20,21)(24,25), 
              ( 2, 3)( 8, 9)(13,15)(14,16)(21,22)(23,24), ( 1, 2)( 9,10)(15,19)(16,20)(17,21)(18,23) ], 
            [ [ [ 1, 0, 0, 3, 0, 3, -3 ], [ 0, 1, 0, -1, 0, -1, 1 ], [ 0, 0, 1, -1, 0, -1, 1 ], 
                  [ 0, 0, 0, 0, 0, -1, 1 ], [ 0, 0, 0, -1, 1, -1, 1 ], [ 0, 0, 0, -1, 0, 0, 1 ], 
                  [ 0, 0, 0, 0, 0, 0, 1 ] ], 
              [ [ 1, 4, 0, 0, 0, 0, 0 ], [ 0, -1, 0, 0, 0, 0, 0 ], [ 0, -1, 1, 0, 0, 0, 0 ], 
                  [ 0, -1, 0, 1, 0, 0, 0 ], [ 0, -1, 0, 0, 1, 0, 0 ], [ 0, -1, 0, 0, 0, 1, 0 ], 
                  [ 0, -1, 0, 0, 0, 0, 1 ] ], 
              [ [ 1, 0, 0, 0, 0, 0, 0 ], [ 0, 1, 0, 0, 0, 0, 0 ], [ 0, 0, 0, 0, 1, 0, 0 ], [ 0, 0, -1, 1, 1, 0, 0 ], 
                  [ 0, 0, 1, 0, 0, 0, 0 ], [ 0, 0, 1, 0, -1, 1, 0 ], [ 0, 0, 0, 0, 0, 0, 1 ] ], 
              [ [ 1, 1, -1, 0, 0, 0, 0 ], [ 0, 0, 1, 0, 0, 0, 0 ], [ 0, 1, 0, 0, 0, 0, 0 ], [ 0, 0, 0, 1, 0, 0, 0 ], 
                  [ 0, 0, 0, 0, 1, 0, 0 ], [ 0, -1, 1, 0, 0, 1, 0 ], [ 0, -1, 1, 0, 0, 0, 1 ] ], 
              [ [ 1, 0, 0, 0, 0, 0, 0 ], [ 0, 1, 0, 0, 0, 0, 0 ], [ 0, 0, 0, 1, 0, 0, 0 ], [ 0, 0, 1, 0, 0, 0, 0 ], 
                  [ 0, 0, -1, 1, 1, 0, 0 ], [ 0, 0, 0, 0, 0, 1, 0 ], [ 0, 0, 1, -1, 0, 0, 1 ] ], 
              [ [ 1, 0, 0, 0, 0, 0, 0 ], [ 0, 1, 0, 0, 0, 0, 0 ], [ 0, 0, 1, 0, 0, 0, 0 ], [ 0, 0, 1, 0, -1, 1, 0 ], 
                  [ 0, 0, 0, 0, 1, 0, 0 ], [ 0, 0, -1, 1, 1, 0, 0 ], [ 0, 0, 0, 0, 0, 0, 1 ] ] ] ) ),
      VectSpace := [  ],
      n := 6 ) ];
