return [ rec(
      GramMat := [ [ 36, -6, 0, 0, 0, 0, 0, 0, 0, 0, 0, 0, 0, 3, 3, 0 ], 
          [ -6, 4, -2, 2, 0, 0, 0, 0, 0, 0, 0, 0, -1, 0, 0, 1 ], 
          [ 0, -2, 4, 0, 0, 2, 0, 0, 0, 0, 0, 0, 2, 1, 1, 0 ], 
          [ 0, 2, 0, 4, 2, 2, 0, 0, 0, 0, 0, 0, 0, 1, 1, 2 ], 
          [ 0, 0, 0, 2, 4, 2, 0, 0, 2, 1, 0, 0, 0, 0, 0, 2 ], 
          [ 0, 0, 2, 2, 2, 4, 2, 2, 1, 2, 0, 0, 1, 1, 2, 2 ], 
          [ 0, 0, 0, 0, 0, 2, 4, 2, 0, 2, 0, 0, 0, -1, 1, 0 ], 
          [ 0, 0, 0, 0, 0, 2, 2, 4, 0, 2, 0, 0, 1, 0, 2, 1 ], 
          [ 0, 0, 0, 0, 2, 1, 0, 0, 4, 2, 0, 0, 0, 0, 0, 2 ], 
          [ 0, 0, 0, 0, 1, 2, 2, 2, 2, 4, 2, 2, 1, 1, 2, 2 ], 
          [ 0, 0, 0, 0, 0, 0, 0, 0, 0, 2, 4, 2, 2, 1, 1, 0 ], 
          [ 0, 0, 0, 0, 0, 0, 0, 0, 0, 2, 2, 4, 1, 2, 2, 1 ], 
          [ 0, -1, 2, 0, 0, 1, 0, 1, 0, 1, 2, 1, 4, 0, 2, 0 ], 
          [ 3, 0, 1, 1, 0, 1, -1, 0, 0, 1, 1, 2, 0, 4, 2, 2 ], 
          [ 3, 0, 1, 1, 0, 2, 1, 2, 0, 2, 1, 2, 2, 2, 4, 2 ], 
          [ 0, 1, 0, 2, 2, 2, 0, 1, 2, 2, 0, 1, 0, 2, 2, 4 ] ],
      OrbitSize := 2160,
      Basis := [ [ 3, 0, 0, 0, 0, 0, 0, 0, 0, 0, 0, 0, 0, 0, 0, 0 ], 
          [ 0, 1, 0, 0, 0, 0, 0, 0, 0, 0, 0, 0, 0, 0, 0, 0 ], 
          [ 0, 0, 1, 0, 0, 0, 0, 0, 0, 0, 0, 0, 0, 0, 0, 0 ], 
          [ 0, 0, 0, 1, 0, 0, 0, 0, 0, 0, 0, 0, 0, 0, 0, 0 ], 
          [ 0, 0, 0, 0, 1, 0, 0, 0, 0, 0, 0, 0, 0, 0, 0, 0 ], 
          [ 0, 0, 0, 0, 0, 1, 0, 0, 0, 0, 0, 0, 0, 0, 0, 0 ], 
          [ 0, 0, 0, 0, 0, 0, 1, 0, 0, 0, 0, 0, 0, 0, 0, 0 ], 
          [ 0, 0, 0, 0, 0, 0, 0, 1, 0, 0, 0, 0, 0, 0, 0, 0 ], 
          [ 0, 0, 0, 0, 0, 0, 0, 0, 1, 0, 0, 0, 0, 0, 0, 0 ], 
          [ 0, 0, 0, 0, 0, 0, 0, 0, 0, 1, 0, 0, 0, 0, 0, 0 ], 
          [ 0, 0, 0, 0, 0, 0, 0, 0, 0, 0, 1, 0, 0, 0, 0, 0 ], 
          [ 0, 0, 0, 0, 0, 0, 0, 0, 0, 0, 0, 1, 0, 0, 0, 0 ], 
          [ 0, 0, 0, 0, 0, 0, 0, 0, 0, 0, 0, 0, 1, 0, 0, 0 ], 
          [ 0, 0, 0, 0, 0, 0, 0, 0, 0, 0, 0, 0, 0, 1, 0, 0 ], 
          [ 0, 0, 0, 0, 0, 0, 0, 0, 0, 0, 0, 0, 0, 0, 1, 0 ], 
          [ 0, 0, 0, 0, 0, 0, 0, 0, 0, 0, 0, 0, 0, 0, 0, 1 ] ],
      eVect := [ 1, 0, 0, 0, 0, 0, 0, 0, 0, 0, 0, 0, 0, 0, 0, 0 ] ), rec(
      GramMat := [ [ 36, -6, -6, 6, 0, 0, 0, 0, 0, 0, 0, 0, -3, 0, 0, 3 ], 
          [ -6, 4, 0, 0, 0, 0, 0, 0, 0, 0, 0, 0, 0, 1, 1, 0 ], 
          [ -6, 0, 4, 0, 0, 2, 0, 0, 0, 0, 0, 0, 2, 1, 1, 0 ], 
          [ 6, 0, 0, 4, 2, 2, 0, 0, 0, 0, 0, 0, 0, 1, 1, 2 ], 
          [ 0, 0, 0, 2, 4, 2, 0, 0, 2, 1, 0, 0, 0, 0, 0, 2 ], 
          [ 0, 0, 2, 2, 2, 4, 2, 2, 1, 2, 0, 0, 1, 1, 2, 2 ], 
          [ 0, 0, 0, 0, 0, 2, 4, 2, 0, 2, 0, 0, 0, -1, 1, 0 ], 
          [ 0, 0, 0, 0, 0, 2, 2, 4, 0, 2, 0, 0, 1, 0, 2, 1 ], 
          [ 0, 0, 0, 0, 2, 1, 0, 0, 4, 2, 0, 0, 0, 0, 0, 2 ], 
          [ 0, 0, 0, 0, 1, 2, 2, 2, 2, 4, 2, 2, 1, 1, 2, 2 ], 
          [ 0, 0, 0, 0, 0, 0, 0, 0, 0, 2, 4, 2, 2, 1, 1, 0 ], 
          [ 0, 0, 0, 0, 0, 0, 0, 0, 0, 2, 2, 4, 1, 2, 2, 1 ], 
          [ -3, 0, 2, 0, 0, 1, 0, 1, 0, 1, 2, 1, 4, 0, 2, 0 ], 
          [ 0, 1, 1, 1, 0, 1, -1, 0, 0, 1, 1, 2, 0, 4, 2, 2 ], 
          [ 0, 1, 1, 1, 0, 2, 1, 2, 0, 2, 1, 2, 2, 2, 4, 2 ], 
          [ 3, 0, 0, 2, 2, 2, 0, 1, 2, 2, 0, 1, 0, 2, 2, 4 ] ],
      OrbitSize := 100800,
      Basis := [ [ 0, 3, 0, 0, 0, 0, 0, 0, 0, 0, 0, 0, 0, 0, 0, 0 ], 
          [ 1, 0, 0, 0, 0, 0, 0, 0, 0, 0, 0, 0, 0, 0, 0, 0 ], 
          [ 0, 0, 1, 0, 0, 0, 0, 0, 0, 0, 0, 0, 0, 0, 0, 0 ], 
          [ 0, 0, 0, 1, 0, 0, 0, 0, 0, 0, 0, 0, 0, 0, 0, 0 ], 
          [ 0, 0, 0, 0, 1, 0, 0, 0, 0, 0, 0, 0, 0, 0, 0, 0 ], 
          [ 0, 0, 0, 0, 0, 1, 0, 0, 0, 0, 0, 0, 0, 0, 0, 0 ], 
          [ 0, 0, 0, 0, 0, 0, 1, 0, 0, 0, 0, 0, 0, 0, 0, 0 ], 
          [ 0, 0, 0, 0, 0, 0, 0, 1, 0, 0, 0, 0, 0, 0, 0, 0 ], 
          [ 0, 0, 0, 0, 0, 0, 0, 0, 1, 0, 0, 0, 0, 0, 0, 0 ], 
          [ 0, 0, 0, 0, 0, 0, 0, 0, 0, 1, 0, 0, 0, 0, 0, 0 ], 
          [ 0, 0, 0, 0, 0, 0, 0, 0, 0, 0, 1, 0, 0, 0, 0, 0 ], 
          [ 0, 0, 0, 0, 0, 0, 0, 0, 0, 0, 0, 1, 0, 0, 0, 0 ], 
          [ 0, 0, 0, 0, 0, 0, 0, 0, 0, 0, 0, 0, 1, 0, 0, 0 ], 
          [ 0, 0, 0, 0, 0, 0, 0, 0, 0, 0, 0, 0, 0, 1, 0, 0 ], 
          [ 0, 0, 0, 0, 0, 0, 0, 0, 0, 0, 0, 0, 0, 0, 1, 0 ], 
          [ 0, 0, 0, 0, 0, 0, 0, 0, 0, 0, 0, 0, 0, 0, 0, 1 ] ],
      eVect := [ 0, 1, 0, 0, 0, 0, 0, 0, 0, 0, 0, 0, 0, 0, 0, 0 ] ), rec(
      GramMat := [ [ 36, 0, -6, 0, 0, 6, 0, 0, 0, 0, 0, 0, 6, 3, 3, 0 ], 
          [ 0, 4, -2, 0, 0, 0, 0, 0, 0, 0, 0, 0, 0, 1, 1, 0 ], 
          [ -6, -2, 4, 2, 0, 0, 0, 0, 0, 0, 0, 0, -1, 0, 0, 1 ], 
          [ 0, 0, 2, 4, 2, 2, 0, 0, 0, 0, 0, 0, 0, 1, 1, 2 ], 
          [ 0, 0, 0, 2, 4, 2, 0, 0, 2, 1, 0, 0, 0, 0, 0, 2 ], 
          [ 6, 0, 0, 2, 2, 4, 2, 2, 1, 2, 0, 0, 1, 1, 2, 2 ], 
          [ 0, 0, 0, 0, 0, 2, 4, 2, 0, 2, 0, 0, 0, -1, 1, 0 ], 
          [ 0, 0, 0, 0, 0, 2, 2, 4, 0, 2, 0, 0, 1, 0, 2, 1 ], 
          [ 0, 0, 0, 0, 2, 1, 0, 0, 4, 2, 0, 0, 0, 0, 0, 2 ], 
          [ 0, 0, 0, 0, 1, 2, 2, 2, 2, 4, 2, 2, 1, 1, 2, 2 ], 
          [ 0, 0, 0, 0, 0, 0, 0, 0, 0, 2, 4, 2, 2, 1, 1, 0 ], 
          [ 0, 0, 0, 0, 0, 0, 0, 0, 0, 2, 2, 4, 1, 2, 2, 1 ], 
          [ 6, 0, -1, 0, 0, 1, 0, 1, 0, 1, 2, 1, 4, 0, 2, 0 ], 
          [ 3, 1, 0, 1, 0, 1, -1, 0, 0, 1, 1, 2, 0, 4, 2, 2 ], 
          [ 3, 1, 0, 1, 0, 2, 1, 2, 0, 2, 1, 2, 2, 2, 4, 2 ], 
          [ 0, 0, 1, 2, 2, 2, 0, 1, 2, 2, 0, 1, 0, 2, 2, 4 ] ],
      OrbitSize := 4147200,
      Basis := [ [ 0, 0, 3, 0, 0, 0, 0, 0, 0, 0, 0, 0, 0, 0, 0, 0 ], 
          [ 1, 0, 0, 0, 0, 0, 0, 0, 0, 0, 0, 0, 0, 0, 0, 0 ], 
          [ 0, 1, 0, 0, 0, 0, 0, 0, 0, 0, 0, 0, 0, 0, 0, 0 ], 
          [ 0, 0, 0, 1, 0, 0, 0, 0, 0, 0, 0, 0, 0, 0, 0, 0 ], 
          [ 0, 0, 0, 0, 1, 0, 0, 0, 0, 0, 0, 0, 0, 0, 0, 0 ], 
          [ 0, 0, 0, 0, 0, 1, 0, 0, 0, 0, 0, 0, 0, 0, 0, 0 ], 
          [ 0, 0, 0, 0, 0, 0, 1, 0, 0, 0, 0, 0, 0, 0, 0, 0 ], 
          [ 0, 0, 0, 0, 0, 0, 0, 1, 0, 0, 0, 0, 0, 0, 0, 0 ], 
          [ 0, 0, 0, 0, 0, 0, 0, 0, 1, 0, 0, 0, 0, 0, 0, 0 ], 
          [ 0, 0, 0, 0, 0, 0, 0, 0, 0, 1, 0, 0, 0, 0, 0, 0 ], 
          [ 0, 0, 0, 0, 0, 0, 0, 0, 0, 0, 1, 0, 0, 0, 0, 0 ], 
          [ 0, 0, 0, 0, 0, 0, 0, 0, 0, 0, 0, 1, 0, 0, 0, 0 ], 
          [ 0, 0, 0, 0, 0, 0, 0, 0, 0, 0, 0, 0, 1, 0, 0, 0 ], 
          [ 0, 0, 0, 0, 0, 0, 0, 0, 0, 0, 0, 0, 0, 1, 0, 0 ], 
          [ 0, 0, 0, 0, 0, 0, 0, 0, 0, 0, 0, 0, 0, 0, 1, 0 ], 
          [ 0, 0, 0, 0, 0, 0, 0, 0, 0, 0, 0, 0, 0, 0, 0, 1 ] ],
      eVect := [ 0, 0, 1, 0, 0, 0, 0, 0, 0, 0, 0, 0, 0, 0, 0, 0 ] ), rec(
      GramMat := [ [ 36, -24, -6, 0, 0, 6, 0, 0, 0, 0, 0, 0, 6, 3, 3, 0 ], 
          [ -24, 20, 2, 0, 0, -4, 0, 0, 0, 0, 0, 0, -4, -1, -1, 0 ], 
          [ -6, 2, 4, 2, 0, 0, 0, 0, 0, 0, 0, 0, -1, 0, 0, 1 ], 
          [ 0, 0, 2, 4, 2, 2, 0, 0, 0, 0, 0, 0, 0, 1, 1, 2 ], 
          [ 0, 0, 0, 2, 4, 2, 0, 0, 2, 1, 0, 0, 0, 0, 0, 2 ], 
          [ 6, -4, 0, 2, 2, 4, 2, 2, 1, 2, 0, 0, 1, 1, 2, 2 ], 
          [ 0, 0, 0, 0, 0, 2, 4, 2, 0, 2, 0, 0, 0, -1, 1, 0 ], 
          [ 0, 0, 0, 0, 0, 2, 2, 4, 0, 2, 0, 0, 1, 0, 2, 1 ], 
          [ 0, 0, 0, 0, 2, 1, 0, 0, 4, 2, 0, 0, 0, 0, 0, 2 ], 
          [ 0, 0, 0, 0, 1, 2, 2, 2, 2, 4, 2, 2, 1, 1, 2, 2 ], 
          [ 0, 0, 0, 0, 0, 0, 0, 0, 0, 2, 4, 2, 2, 1, 1, 0 ], 
          [ 0, 0, 0, 0, 0, 0, 0, 0, 0, 2, 2, 4, 1, 2, 2, 1 ], 
          [ 6, -4, -1, 0, 0, 1, 0, 1, 0, 1, 2, 1, 4, 0, 2, 0 ], 
          [ 3, -1, 0, 1, 0, 1, -1, 0, 0, 1, 1, 2, 0, 4, 2, 2 ], 
          [ 3, -1, 0, 1, 0, 2, 1, 2, 0, 2, 1, 2, 2, 2, 4, 2 ], 
          [ 0, 0, 1, 2, 2, 2, 0, 1, 2, 2, 0, 1, 0, 2, 2, 4 ] ],
      OrbitSize := 5806080,
      Basis := [ [ 0, 0, 3, 0, 0, 0, 0, 0, 0, 0, 0, 0, 0, 0, 0, 0 ], 
          [ 1, 0, -2, 0, 0, 0, 0, 0, 0, 0, 0, 0, 0, 0, 0, 0 ], 
          [ 0, 1, 0, 0, 0, 0, 0, 0, 0, 0, 0, 0, 0, 0, 0, 0 ], 
          [ 0, 0, 0, 1, 0, 0, 0, 0, 0, 0, 0, 0, 0, 0, 0, 0 ], 
          [ 0, 0, 0, 0, 1, 0, 0, 0, 0, 0, 0, 0, 0, 0, 0, 0 ], 
          [ 0, 0, 0, 0, 0, 1, 0, 0, 0, 0, 0, 0, 0, 0, 0, 0 ], 
          [ 0, 0, 0, 0, 0, 0, 1, 0, 0, 0, 0, 0, 0, 0, 0, 0 ], 
          [ 0, 0, 0, 0, 0, 0, 0, 1, 0, 0, 0, 0, 0, 0, 0, 0 ], 
          [ 0, 0, 0, 0, 0, 0, 0, 0, 1, 0, 0, 0, 0, 0, 0, 0 ], 
          [ 0, 0, 0, 0, 0, 0, 0, 0, 0, 1, 0, 0, 0, 0, 0, 0 ], 
          [ 0, 0, 0, 0, 0, 0, 0, 0, 0, 0, 1, 0, 0, 0, 0, 0 ], 
          [ 0, 0, 0, 0, 0, 0, 0, 0, 0, 0, 0, 1, 0, 0, 0, 0 ], 
          [ 0, 0, 0, 0, 0, 0, 0, 0, 0, 0, 0, 0, 1, 0, 0, 0 ], 
          [ 0, 0, 0, 0, 0, 0, 0, 0, 0, 0, 0, 0, 0, 1, 0, 0 ], 
          [ 0, 0, 0, 0, 0, 0, 0, 0, 0, 0, 0, 0, 0, 0, 1, 0 ], 
          [ 0, 0, 0, 0, 0, 0, 0, 0, 0, 0, 0, 0, 0, 0, 0, 1 ] ],
      eVect := [ 2, 0, 1, 0, 0, 0, 0, 0, 0, 0, 0, 0, 0, 0, 0, 0 ] ), rec(
      GramMat := [ [ 36, -12, -18, 0, 0, 6, 0, 0, 0, 0, 0, 0, 6, 3, 3, 0 ], 
          [ -12, 8, 4, 0, 0, -2, 0, 0, 0, 0, 0, 0, -2, 0, 0, 0 ], 
          [ -18, 4, 12, 2, 0, -2, 0, 0, 0, 0, 0, 0, -3, -1, -1, 1 ], 
          [ 0, 0, 2, 4, 2, 2, 0, 0, 0, 0, 0, 0, 0, 1, 1, 2 ], 
          [ 0, 0, 0, 2, 4, 2, 0, 0, 2, 1, 0, 0, 0, 0, 0, 2 ], 
          [ 6, -2, -2, 2, 2, 4, 2, 2, 1, 2, 0, 0, 1, 1, 2, 2 ], 
          [ 0, 0, 0, 0, 0, 2, 4, 2, 0, 2, 0, 0, 0, -1, 1, 0 ], 
          [ 0, 0, 0, 0, 0, 2, 2, 4, 0, 2, 0, 0, 1, 0, 2, 1 ], 
          [ 0, 0, 0, 0, 2, 1, 0, 0, 4, 2, 0, 0, 0, 0, 0, 2 ], 
          [ 0, 0, 0, 0, 1, 2, 2, 2, 2, 4, 2, 2, 1, 1, 2, 2 ], 
          [ 0, 0, 0, 0, 0, 0, 0, 0, 0, 2, 4, 2, 2, 1, 1, 0 ], 
          [ 0, 0, 0, 0, 0, 0, 0, 0, 0, 2, 2, 4, 1, 2, 2, 1 ], 
          [ 6, -2, -3, 0, 0, 1, 0, 1, 0, 1, 2, 1, 4, 0, 2, 0 ], 
          [ 3, 0, -1, 1, 0, 1, -1, 0, 0, 1, 1, 2, 0, 4, 2, 2 ], 
          [ 3, 0, -1, 1, 0, 2, 1, 2, 0, 2, 1, 2, 2, 2, 4, 2 ], 
          [ 0, 0, 1, 2, 2, 2, 0, 1, 2, 2, 0, 1, 0, 2, 2, 4 ] ],
      OrbitSize := 30720,
      Basis := [ [ 0, 0, 3, 0, 0, 0, 0, 0, 0, 0, 0, 0, 0, 0, 0, 0 ], 
          [ 1, 0, -1, 0, 0, 0, 0, 0, 0, 0, 0, 0, 0, 0, 0, 0 ], 
          [ 0, 1, -1, 0, 0, 0, 0, 0, 0, 0, 0, 0, 0, 0, 0, 0 ], 
          [ 0, 0, 0, 1, 0, 0, 0, 0, 0, 0, 0, 0, 0, 0, 0, 0 ], 
          [ 0, 0, 0, 0, 1, 0, 0, 0, 0, 0, 0, 0, 0, 0, 0, 0 ], 
          [ 0, 0, 0, 0, 0, 1, 0, 0, 0, 0, 0, 0, 0, 0, 0, 0 ], 
          [ 0, 0, 0, 0, 0, 0, 1, 0, 0, 0, 0, 0, 0, 0, 0, 0 ], 
          [ 0, 0, 0, 0, 0, 0, 0, 1, 0, 0, 0, 0, 0, 0, 0, 0 ], 
          [ 0, 0, 0, 0, 0, 0, 0, 0, 1, 0, 0, 0, 0, 0, 0, 0 ], 
          [ 0, 0, 0, 0, 0, 0, 0, 0, 0, 1, 0, 0, 0, 0, 0, 0 ], 
          [ 0, 0, 0, 0, 0, 0, 0, 0, 0, 0, 1, 0, 0, 0, 0, 0 ], 
          [ 0, 0, 0, 0, 0, 0, 0, 0, 0, 0, 0, 1, 0, 0, 0, 0 ], 
          [ 0, 0, 0, 0, 0, 0, 0, 0, 0, 0, 0, 0, 1, 0, 0, 0 ], 
          [ 0, 0, 0, 0, 0, 0, 0, 0, 0, 0, 0, 0, 0, 1, 0, 0 ], 
          [ 0, 0, 0, 0, 0, 0, 0, 0, 0, 0, 0, 0, 0, 0, 1, 0 ], 
          [ 0, 0, 0, 0, 0, 0, 0, 0, 0, 0, 0, 0, 0, 0, 0, 1 ] ],
      eVect := [ 1, 1, 1, 0, 0, 0, 0, 0, 0, 0, 0, 0, 0, 0, 0, 0 ] ), rec(
      GramMat := [ [ 36, -24, -18, 0, 0, 6, 0, 0, 0, 0, 0, 0, 6, 3, 3, 0 ], 
          [ -24, 20, 10, 0, 0, -4, 0, 0, 0, 0, 0, 0, -4, -1, -1, 0 ], 
          [ -18, 10, 12, 2, 0, -2, 0, 0, 0, 0, 0, 0, -3, -1, -1, 1 ], 
          [ 0, 0, 2, 4, 2, 2, 0, 0, 0, 0, 0, 0, 0, 1, 1, 2 ], 
          [ 0, 0, 0, 2, 4, 2, 0, 0, 2, 1, 0, 0, 0, 0, 0, 2 ], 
          [ 6, -4, -2, 2, 2, 4, 2, 2, 1, 2, 0, 0, 1, 1, 2, 2 ], 
          [ 0, 0, 0, 0, 0, 2, 4, 2, 0, 2, 0, 0, 0, -1, 1, 0 ], 
          [ 0, 0, 0, 0, 0, 2, 2, 4, 0, 2, 0, 0, 1, 0, 2, 1 ], 
          [ 0, 0, 0, 0, 2, 1, 0, 0, 4, 2, 0, 0, 0, 0, 0, 2 ], 
          [ 0, 0, 0, 0, 1, 2, 2, 2, 2, 4, 2, 2, 1, 1, 2, 2 ], 
          [ 0, 0, 0, 0, 0, 0, 0, 0, 0, 2, 4, 2, 2, 1, 1, 0 ], 
          [ 0, 0, 0, 0, 0, 0, 0, 0, 0, 2, 2, 4, 1, 2, 2, 1 ], 
          [ 6, -4, -3, 0, 0, 1, 0, 1, 0, 1, 2, 1, 4, 0, 2, 0 ], 
          [ 3, -1, -1, 1, 0, 1, -1, 0, 0, 1, 1, 2, 0, 4, 2, 2 ], 
          [ 3, -1, -1, 1, 0, 2, 1, 2, 0, 2, 1, 2, 2, 2, 4, 2 ], 
          [ 0, 0, 1, 2, 2, 2, 0, 1, 2, 2, 0, 1, 0, 2, 2, 4 ] ],
      OrbitSize := 259200,
      Basis := [ [ 0, 0, 3, 0, 0, 0, 0, 0, 0, 0, 0, 0, 0, 0, 0, 0 ], 
          [ 1, 0, -2, 0, 0, 0, 0, 0, 0, 0, 0, 0, 0, 0, 0, 0 ], 
          [ 0, 1, -1, 0, 0, 0, 0, 0, 0, 0, 0, 0, 0, 0, 0, 0 ], 
          [ 0, 0, 0, 1, 0, 0, 0, 0, 0, 0, 0, 0, 0, 0, 0, 0 ], 
          [ 0, 0, 0, 0, 1, 0, 0, 0, 0, 0, 0, 0, 0, 0, 0, 0 ], 
          [ 0, 0, 0, 0, 0, 1, 0, 0, 0, 0, 0, 0, 0, 0, 0, 0 ], 
          [ 0, 0, 0, 0, 0, 0, 1, 0, 0, 0, 0, 0, 0, 0, 0, 0 ], 
          [ 0, 0, 0, 0, 0, 0, 0, 1, 0, 0, 0, 0, 0, 0, 0, 0 ], 
          [ 0, 0, 0, 0, 0, 0, 0, 0, 1, 0, 0, 0, 0, 0, 0, 0 ], 
          [ 0, 0, 0, 0, 0, 0, 0, 0, 0, 1, 0, 0, 0, 0, 0, 0 ], 
          [ 0, 0, 0, 0, 0, 0, 0, 0, 0, 0, 1, 0, 0, 0, 0, 0 ], 
          [ 0, 0, 0, 0, 0, 0, 0, 0, 0, 0, 0, 1, 0, 0, 0, 0 ], 
          [ 0, 0, 0, 0, 0, 0, 0, 0, 0, 0, 0, 0, 1, 0, 0, 0 ], 
          [ 0, 0, 0, 0, 0, 0, 0, 0, 0, 0, 0, 0, 0, 1, 0, 0 ], 
          [ 0, 0, 0, 0, 0, 0, 0, 0, 0, 0, 0, 0, 0, 0, 1, 0 ], 
          [ 0, 0, 0, 0, 0, 0, 0, 0, 0, 0, 0, 0, 0, 0, 0, 1 ] ],
      eVect := [ 2, 1, 1, 0, 0, 0, 0, 0, 0, 0, 0, 0, 0, 0, 0, 0 ] ), rec(
      GramMat := [ [ 36, 0, -6, 0, 6, 6, 0, 0, 0, 0, 0, 0, 0, 3, 3, 6 ], 
          [ 0, 4, -2, 0, 0, 0, 0, 0, 0, 0, 0, 0, 0, 1, 1, 0 ], 
          [ -6, -2, 4, -2, -2, -2, 0, 0, 0, 0, 0, 0, -1, -1, -1, -1 ], 
          [ 0, 0, -2, 4, 0, 2, 0, 0, 0, 0, 0, 0, 2, 1, 1, 0 ], 
          [ 6, 0, -2, 0, 4, 2, 0, 0, 2, 1, 0, 0, 0, 0, 0, 2 ], 
          [ 6, 0, -2, 2, 2, 4, 2, 2, 1, 2, 0, 0, 1, 1, 2, 2 ], 
          [ 0, 0, 0, 0, 0, 2, 4, 2, 0, 2, 0, 0, 0, -1, 1, 0 ], 
          [ 0, 0, 0, 0, 0, 2, 2, 4, 0, 2, 0, 0, 1, 0, 2, 1 ], 
          [ 0, 0, 0, 0, 2, 1, 0, 0, 4, 2, 0, 0, 0, 0, 0, 2 ], 
          [ 0, 0, 0, 0, 1, 2, 2, 2, 2, 4, 2, 2, 1, 1, 2, 2 ], 
          [ 0, 0, 0, 0, 0, 0, 0, 0, 0, 2, 4, 2, 2, 1, 1, 0 ], 
          [ 0, 0, 0, 0, 0, 0, 0, 0, 0, 2, 2, 4, 1, 2, 2, 1 ], 
          [ 0, 0, -1, 2, 0, 1, 0, 1, 0, 1, 2, 1, 4, 0, 2, 0 ], 
          [ 3, 1, -1, 1, 0, 1, -1, 0, 0, 1, 1, 2, 0, 4, 2, 2 ], 
          [ 3, 1, -1, 1, 0, 2, 1, 2, 0, 2, 1, 2, 2, 2, 4, 2 ], 
          [ 6, 0, -1, 0, 2, 2, 0, 1, 2, 2, 0, 1, 0, 2, 2, 4 ] ],
      OrbitSize := 1105920,
      Basis := [ [ 0, 0, 0, 3, 0, 0, 0, 0, 0, 0, 0, 0, 0, 0, 0, 0 ], 
          [ 1, 0, 0, 0, 0, 0, 0, 0, 0, 0, 0, 0, 0, 0, 0, 0 ], 
          [ 0, 1, 0, -1, 0, 0, 0, 0, 0, 0, 0, 0, 0, 0, 0, 0 ], 
          [ 0, 0, 1, 0, 0, 0, 0, 0, 0, 0, 0, 0, 0, 0, 0, 0 ], 
          [ 0, 0, 0, 0, 1, 0, 0, 0, 0, 0, 0, 0, 0, 0, 0, 0 ], 
          [ 0, 0, 0, 0, 0, 1, 0, 0, 0, 0, 0, 0, 0, 0, 0, 0 ], 
          [ 0, 0, 0, 0, 0, 0, 1, 0, 0, 0, 0, 0, 0, 0, 0, 0 ], 
          [ 0, 0, 0, 0, 0, 0, 0, 1, 0, 0, 0, 0, 0, 0, 0, 0 ], 
          [ 0, 0, 0, 0, 0, 0, 0, 0, 1, 0, 0, 0, 0, 0, 0, 0 ], 
          [ 0, 0, 0, 0, 0, 0, 0, 0, 0, 1, 0, 0, 0, 0, 0, 0 ], 
          [ 0, 0, 0, 0, 0, 0, 0, 0, 0, 0, 1, 0, 0, 0, 0, 0 ], 
          [ 0, 0, 0, 0, 0, 0, 0, 0, 0, 0, 0, 1, 0, 0, 0, 0 ], 
          [ 0, 0, 0, 0, 0, 0, 0, 0, 0, 0, 0, 0, 1, 0, 0, 0 ], 
          [ 0, 0, 0, 0, 0, 0, 0, 0, 0, 0, 0, 0, 0, 1, 0, 0 ], 
          [ 0, 0, 0, 0, 0, 0, 0, 0, 0, 0, 0, 0, 0, 0, 1, 0 ], 
          [ 0, 0, 0, 0, 0, 0, 0, 0, 0, 0, 0, 0, 0, 0, 0, 1 ] ],
      eVect := [ 0, 1, 0, 1, 0, 0, 0, 0, 0, 0, 0, 0, 0, 0, 0, 0 ] ), rec(
      GramMat := [ [ 36, -12, 6, -12, 6, 6, 0, 0, 0, 0, 0, 0, 0, 3, 3, 6 ], 
          [ -12, 8, -4, 4, -2, -2, 0, 0, 0, 0, 0, 0, 0, 0, 0, -2 ], 
          [ 6, -4, 4, -4, 0, 0, 0, 0, 0, 0, 0, 0, -1, 0, 0, 1 ], 
          [ -12, 4, -4, 8, -2, 0, 0, 0, 0, 0, 0, 0, 2, 0, 0, -2 ], 
          [ 6, -2, 0, -2, 4, 2, 0, 0, 2, 1, 0, 0, 0, 0, 0, 2 ], 
          [ 6, -2, 0, 0, 2, 4, 2, 2, 1, 2, 0, 0, 1, 1, 2, 2 ], 
          [ 0, 0, 0, 0, 0, 2, 4, 2, 0, 2, 0, 0, 0, -1, 1, 0 ], 
          [ 0, 0, 0, 0, 0, 2, 2, 4, 0, 2, 0, 0, 1, 0, 2, 1 ], 
          [ 0, 0, 0, 0, 2, 1, 0, 0, 4, 2, 0, 0, 0, 0, 0, 2 ], 
          [ 0, 0, 0, 0, 1, 2, 2, 2, 2, 4, 2, 2, 1, 1, 2, 2 ], 
          [ 0, 0, 0, 0, 0, 0, 0, 0, 0, 2, 4, 2, 2, 1, 1, 0 ], 
          [ 0, 0, 0, 0, 0, 0, 0, 0, 0, 2, 2, 4, 1, 2, 2, 1 ], 
          [ 0, 0, -1, 2, 0, 1, 0, 1, 0, 1, 2, 1, 4, 0, 2, 0 ], 
          [ 3, 0, 0, 0, 0, 1, -1, 0, 0, 1, 1, 2, 0, 4, 2, 2 ], 
          [ 3, 0, 0, 0, 0, 2, 1, 2, 0, 2, 1, 2, 2, 2, 4, 2 ], 
          [ 6, -2, 1, -2, 2, 2, 0, 1, 2, 2, 0, 1, 0, 2, 2, 4 ] ],
      OrbitSize := 5806080,
      Basis := [ [ 0, 0, 0, 3, 0, 0, 0, 0, 0, 0, 0, 0, 0, 0, 0, 0 ], 
          [ 1, 0, 0, -1, 0, 0, 0, 0, 0, 0, 0, 0, 0, 0, 0, 0 ], 
          [ 0, 1, 0, 0, 0, 0, 0, 0, 0, 0, 0, 0, 0, 0, 0, 0 ], 
          [ 0, 0, 1, -1, 0, 0, 0, 0, 0, 0, 0, 0, 0, 0, 0, 0 ], 
          [ 0, 0, 0, 0, 1, 0, 0, 0, 0, 0, 0, 0, 0, 0, 0, 0 ], 
          [ 0, 0, 0, 0, 0, 1, 0, 0, 0, 0, 0, 0, 0, 0, 0, 0 ], 
          [ 0, 0, 0, 0, 0, 0, 1, 0, 0, 0, 0, 0, 0, 0, 0, 0 ], 
          [ 0, 0, 0, 0, 0, 0, 0, 1, 0, 0, 0, 0, 0, 0, 0, 0 ], 
          [ 0, 0, 0, 0, 0, 0, 0, 0, 1, 0, 0, 0, 0, 0, 0, 0 ], 
          [ 0, 0, 0, 0, 0, 0, 0, 0, 0, 1, 0, 0, 0, 0, 0, 0 ], 
          [ 0, 0, 0, 0, 0, 0, 0, 0, 0, 0, 1, 0, 0, 0, 0, 0 ], 
          [ 0, 0, 0, 0, 0, 0, 0, 0, 0, 0, 0, 1, 0, 0, 0, 0 ], 
          [ 0, 0, 0, 0, 0, 0, 0, 0, 0, 0, 0, 0, 1, 0, 0, 0 ], 
          [ 0, 0, 0, 0, 0, 0, 0, 0, 0, 0, 0, 0, 0, 1, 0, 0 ], 
          [ 0, 0, 0, 0, 0, 0, 0, 0, 0, 0, 0, 0, 0, 0, 1, 0 ], 
          [ 0, 0, 0, 0, 0, 0, 0, 0, 0, 0, 0, 0, 0, 0, 0, 1 ] ],
      eVect := [ 1, 0, 1, 1, 0, 0, 0, 0, 0, 0, 0, 0, 0, 0, 0, 0 ] ), rec(
      GramMat := [ [ 36, -12, -24, 6, 6, 6, 6, 6, 3, 6, 0, 0, 3, 3, 6, 6 ], 
          [ -12, 8, 6, -2, -2, -2, -2, -2, -1, -2, 0, 0, -1, 0, -1, -2 ], 
          [ -24, 6, 20, -6, -2, -4, -4, -4, -2, -4, 0, 0, -3, -2, -4, -3 ], 
          [ 6, -2, -6, 4, 0, 0, 0, 0, 0, 0, 0, 0, 2, 1, 1, 0 ], 
          [ 6, -2, -2, 0, 4, 2, 0, 0, 0, 0, 0, 0, 0, 1, 1, 2 ], 
          [ 6, -2, -4, 0, 2, 4, 0, 0, 2, 1, 0, 0, 0, 0, 0, 2 ], 
          [ 6, -2, -4, 0, 0, 0, 4, 2, 0, 2, 0, 0, 0, -1, 1, 0 ], 
          [ 6, -2, -4, 0, 0, 0, 2, 4, 0, 2, 0, 0, 1, 0, 2, 1 ], 
          [ 3, -1, -2, 0, 0, 2, 0, 0, 4, 2, 0, 0, 0, 0, 0, 2 ], 
          [ 6, -2, -4, 0, 0, 1, 2, 2, 2, 4, 2, 2, 1, 1, 2, 2 ], 
          [ 0, 0, 0, 0, 0, 0, 0, 0, 0, 2, 4, 2, 2, 1, 1, 0 ], 
          [ 0, 0, 0, 0, 0, 0, 0, 0, 0, 2, 2, 4, 1, 2, 2, 1 ], 
          [ 3, -1, -3, 2, 0, 0, 0, 1, 0, 1, 2, 1, 4, 0, 2, 0 ], 
          [ 3, 0, -2, 1, 1, 0, -1, 0, 0, 1, 1, 2, 0, 4, 2, 2 ], 
          [ 6, -1, -4, 1, 1, 0, 1, 2, 0, 2, 1, 2, 2, 2, 4, 2 ], 
          [ 6, -2, -3, 0, 2, 2, 0, 1, 2, 2, 0, 1, 0, 2, 2, 4 ] ],
      OrbitSize := 259200,
      Basis := [ [ 0, 0, 0, 0, 0, 3, 0, 0, 0, 0, 0, 0, 0, 0, 0, 0 ], 
          [ 1, 0, 0, 0, 0, -1, 0, 0, 0, 0, 0, 0, 0, 0, 0, 0 ], 
          [ 0, 1, 0, 0, 0, -2, 0, 0, 0, 0, 0, 0, 0, 0, 0, 0 ], 
          [ 0, 0, 1, 0, 0, 0, 0, 0, 0, 0, 0, 0, 0, 0, 0, 0 ], 
          [ 0, 0, 0, 1, 0, 0, 0, 0, 0, 0, 0, 0, 0, 0, 0, 0 ], 
          [ 0, 0, 0, 0, 1, 0, 0, 0, 0, 0, 0, 0, 0, 0, 0, 0 ], 
          [ 0, 0, 0, 0, 0, 0, 1, 0, 0, 0, 0, 0, 0, 0, 0, 0 ], 
          [ 0, 0, 0, 0, 0, 0, 0, 1, 0, 0, 0, 0, 0, 0, 0, 0 ], 
          [ 0, 0, 0, 0, 0, 0, 0, 0, 1, 0, 0, 0, 0, 0, 0, 0 ], 
          [ 0, 0, 0, 0, 0, 0, 0, 0, 0, 1, 0, 0, 0, 0, 0, 0 ], 
          [ 0, 0, 0, 0, 0, 0, 0, 0, 0, 0, 1, 0, 0, 0, 0, 0 ], 
          [ 0, 0, 0, 0, 0, 0, 0, 0, 0, 0, 0, 1, 0, 0, 0, 0 ], 
          [ 0, 0, 0, 0, 0, 0, 0, 0, 0, 0, 0, 0, 1, 0, 0, 0 ], 
          [ 0, 0, 0, 0, 0, 0, 0, 0, 0, 0, 0, 0, 0, 1, 0, 0 ], 
          [ 0, 0, 0, 0, 0, 0, 0, 0, 0, 0, 0, 0, 0, 0, 1, 0 ], 
          [ 0, 0, 0, 0, 0, 0, 0, 0, 0, 0, 0, 0, 0, 0, 0, 1 ] ],
      eVect := [ 1, 2, 0, 0, 0, 1, 0, 0, 0, 0, 0, 0, 0, 0, 0, 0 ] ), rec(
      GramMat := [ [ 36, -12, 0, -18, 6, 6, 6, 6, 3, 6, 0, 0, 3, 3, 6, 6 ], 
          [ -12, 8, -2, 6, -2, -2, -2, -2, -1, -2, 0, 0, -1, 0, -1, -2 ], 
          [ 0, -2, 4, -2, 2, 0, 0, 0, 0, 0, 0, 0, -1, 0, 0, 1 ], 
          [ -18, 6, -2, 12, -4, -4, -4, -4, -2, -4, 0, 0, 0, -1, -3, -4 ], 
          [ 6, -2, 2, -4, 4, 2, 0, 0, 0, 0, 0, 0, 0, 1, 1, 2 ], 
          [ 6, -2, 0, -4, 2, 4, 0, 0, 2, 1, 0, 0, 0, 0, 0, 2 ], 
          [ 6, -2, 0, -4, 0, 0, 4, 2, 0, 2, 0, 0, 0, -1, 1, 0 ], 
          [ 6, -2, 0, -4, 0, 0, 2, 4, 0, 2, 0, 0, 1, 0, 2, 1 ], 
          [ 3, -1, 0, -2, 0, 2, 0, 0, 4, 2, 0, 0, 0, 0, 0, 2 ], 
          [ 6, -2, 0, -4, 0, 1, 2, 2, 2, 4, 2, 2, 1, 1, 2, 2 ], 
          [ 0, 0, 0, 0, 0, 0, 0, 0, 0, 2, 4, 2, 2, 1, 1, 0 ], 
          [ 0, 0, 0, 0, 0, 0, 0, 0, 0, 2, 2, 4, 1, 2, 2, 1 ], 
          [ 3, -1, -1, 0, 0, 0, 0, 1, 0, 1, 2, 1, 4, 0, 2, 0 ], 
          [ 3, 0, 0, -1, 1, 0, -1, 0, 0, 1, 1, 2, 0, 4, 2, 2 ], 
          [ 6, -1, 0, -3, 1, 0, 1, 2, 0, 2, 1, 2, 2, 2, 4, 2 ], 
          [ 6, -2, 1, -4, 2, 2, 0, 1, 2, 2, 0, 1, 0, 2, 2, 4 ] ],
      OrbitSize := 2160,
      Basis := [ [ 0, 0, 0, 0, 0, 3, 0, 0, 0, 0, 0, 0, 0, 0, 0, 0 ], 
          [ 1, 0, 0, 0, 0, -1, 0, 0, 0, 0, 0, 0, 0, 0, 0, 0 ], 
          [ 0, 1, 0, 0, 0, 0, 0, 0, 0, 0, 0, 0, 0, 0, 0, 0 ], 
          [ 0, 0, 1, 0, 0, -2, 0, 0, 0, 0, 0, 0, 0, 0, 0, 0 ], 
          [ 0, 0, 0, 1, 0, 0, 0, 0, 0, 0, 0, 0, 0, 0, 0, 0 ], 
          [ 0, 0, 0, 0, 1, 0, 0, 0, 0, 0, 0, 0, 0, 0, 0, 0 ], 
          [ 0, 0, 0, 0, 0, 0, 1, 0, 0, 0, 0, 0, 0, 0, 0, 0 ], 
          [ 0, 0, 0, 0, 0, 0, 0, 1, 0, 0, 0, 0, 0, 0, 0, 0 ], 
          [ 0, 0, 0, 0, 0, 0, 0, 0, 1, 0, 0, 0, 0, 0, 0, 0 ], 
          [ 0, 0, 0, 0, 0, 0, 0, 0, 0, 1, 0, 0, 0, 0, 0, 0 ], 
          [ 0, 0, 0, 0, 0, 0, 0, 0, 0, 0, 1, 0, 0, 0, 0, 0 ], 
          [ 0, 0, 0, 0, 0, 0, 0, 0, 0, 0, 0, 1, 0, 0, 0, 0 ], 
          [ 0, 0, 0, 0, 0, 0, 0, 0, 0, 0, 0, 0, 1, 0, 0, 0 ], 
          [ 0, 0, 0, 0, 0, 0, 0, 0, 0, 0, 0, 0, 0, 1, 0, 0 ], 
          [ 0, 0, 0, 0, 0, 0, 0, 0, 0, 0, 0, 0, 0, 0, 1, 0 ], 
          [ 0, 0, 0, 0, 0, 0, 0, 0, 0, 0, 0, 0, 0, 0, 0, 1 ] ],
      eVect := [ 1, 0, 2, 0, 0, 1, 0, 0, 0, 0, 0, 0, 0, 0, 0, 0 ] ), rec(
      GramMat := 
       [ [ 36, -24, -24, -6, -18, 6, 6, 6, 3, 6, 0, 0, 3, 3, 6, 6 ], 
          [ -24, 20, 14, 4, 12, -4, -4, -4, -2, -4, 0, 0, -2, -1, -3, -4 ], 
          [ -24, 14, 20, 2, 14, -4, -4, -4, -2, -4, 0, 0, -3, -2, -4, -3 ], 
          [ -6, 4, 2, 4, 2, -2, -2, -2, -1, -2, 0, 0, 1, 0, -1, -2 ], 
          [ -18, 12, 14, 2, 12, -2, -4, -4, -2, -4, 0, 0, -2, -1, -3, -2 ], 
          [ 6, -4, -4, -2, -2, 4, 0, 0, 2, 1, 0, 0, 0, 0, 0, 2 ], 
          [ 6, -4, -4, -2, -4, 0, 4, 2, 0, 2, 0, 0, 0, -1, 1, 0 ], 
          [ 6, -4, -4, -2, -4, 0, 2, 4, 0, 2, 0, 0, 1, 0, 2, 1 ], 
          [ 3, -2, -2, -1, -2, 2, 0, 0, 4, 2, 0, 0, 0, 0, 0, 2 ], 
          [ 6, -4, -4, -2, -4, 1, 2, 2, 2, 4, 2, 2, 1, 1, 2, 2 ], 
          [ 0, 0, 0, 0, 0, 0, 0, 0, 0, 2, 4, 2, 2, 1, 1, 0 ], 
          [ 0, 0, 0, 0, 0, 0, 0, 0, 0, 2, 2, 4, 1, 2, 2, 1 ], 
          [ 3, -2, -3, 1, -2, 0, 0, 1, 0, 1, 2, 1, 4, 0, 2, 0 ], 
          [ 3, -1, -2, 0, -1, 0, -1, 0, 0, 1, 1, 2, 0, 4, 2, 2 ], 
          [ 6, -3, -4, -1, -3, 0, 1, 2, 0, 2, 1, 2, 2, 2, 4, 2 ], 
          [ 6, -4, -3, -2, -2, 2, 0, 1, 2, 2, 0, 1, 0, 2, 2, 4 ] ],
      OrbitSize := 2867200,
      Basis := [ [ 0, 0, 0, 0, 0, 3, 0, 0, 0, 0, 0, 0, 0, 0, 0, 0 ], 
          [ 1, 0, 0, 0, 0, -2, 0, 0, 0, 0, 0, 0, 0, 0, 0, 0 ], 
          [ 0, 1, 0, 0, 0, -2, 0, 0, 0, 0, 0, 0, 0, 0, 0, 0 ], 
          [ 0, 0, 1, 0, 0, -1, 0, 0, 0, 0, 0, 0, 0, 0, 0, 0 ], 
          [ 0, 0, 0, 1, 0, -2, 0, 0, 0, 0, 0, 0, 0, 0, 0, 0 ], 
          [ 0, 0, 0, 0, 1, 0, 0, 0, 0, 0, 0, 0, 0, 0, 0, 0 ], 
          [ 0, 0, 0, 0, 0, 0, 1, 0, 0, 0, 0, 0, 0, 0, 0, 0 ], 
          [ 0, 0, 0, 0, 0, 0, 0, 1, 0, 0, 0, 0, 0, 0, 0, 0 ], 
          [ 0, 0, 0, 0, 0, 0, 0, 0, 1, 0, 0, 0, 0, 0, 0, 0 ], 
          [ 0, 0, 0, 0, 0, 0, 0, 0, 0, 1, 0, 0, 0, 0, 0, 0 ], 
          [ 0, 0, 0, 0, 0, 0, 0, 0, 0, 0, 1, 0, 0, 0, 0, 0 ], 
          [ 0, 0, 0, 0, 0, 0, 0, 0, 0, 0, 0, 1, 0, 0, 0, 0 ], 
          [ 0, 0, 0, 0, 0, 0, 0, 0, 0, 0, 0, 0, 1, 0, 0, 0 ], 
          [ 0, 0, 0, 0, 0, 0, 0, 0, 0, 0, 0, 0, 0, 1, 0, 0 ], 
          [ 0, 0, 0, 0, 0, 0, 0, 0, 0, 0, 0, 0, 0, 0, 1, 0 ], 
          [ 0, 0, 0, 0, 0, 0, 0, 0, 0, 0, 0, 0, 0, 0, 0, 1 ] ],
      eVect := [ 2, 2, 1, 2, 0, 1, 0, 0, 0, 0, 0, 0, 0, 0, 0, 0 ] ), rec(
      GramMat := 
       [ [ 36, 0, -12, -24, -24, -12, 6, 6, 0, 6, 0, 0, 0, -3, 3, 0 ], 
          [ 0, 4, -2, 0, 0, 0, 0, 0, 0, 0, 0, 0, 0, 1, 1, 0 ], 
          [ -12, -2, 8, 6, 10, 4, -2, -2, 0, -2, 0, 0, -1, 1, -1, 1 ], 
          [ -24, 0, 6, 20, 16, 8, -2, -4, 0, -4, 0, 0, 2, 3, -1, 0 ], 
          [ -24, 0, 10, 16, 20, 10, -2, -4, 0, -4, 0, 0, 0, 3, -1, 2 ], 
          [ -12, 0, 4, 8, 10, 8, 0, -2, 2, -1, 0, 0, 0, 1, -1, 2 ], 
          [ 6, 0, -2, -2, -2, 0, 4, 2, 1, 2, 0, 0, 1, 1, 2, 2 ], 
          [ 6, 0, -2, -4, -4, -2, 2, 4, 0, 2, 0, 0, 1, 0, 2, 1 ], 
          [ 0, 0, 0, 0, 0, 2, 1, 0, 4, 2, 0, 0, 0, 0, 0, 2 ], 
          [ 6, 0, -2, -4, -4, -1, 2, 2, 2, 4, 2, 2, 1, 1, 2, 2 ], 
          [ 0, 0, 0, 0, 0, 0, 0, 0, 0, 2, 4, 2, 2, 1, 1, 0 ], 
          [ 0, 0, 0, 0, 0, 0, 0, 0, 0, 2, 2, 4, 1, 2, 2, 1 ], 
          [ 0, 0, -1, 2, 0, 0, 1, 1, 0, 1, 2, 1, 4, 0, 2, 0 ], 
          [ -3, 1, 1, 3, 3, 1, 1, 0, 0, 1, 1, 2, 0, 4, 2, 2 ], 
          [ 3, 1, -1, -1, -1, -1, 2, 2, 0, 2, 1, 2, 2, 2, 4, 2 ], 
          [ 0, 0, 1, 0, 2, 2, 2, 1, 2, 2, 0, 1, 0, 2, 2, 4 ] ],
      OrbitSize := 1105920,
      Basis := [ [ 0, 0, 0, 0, 0, 0, 3, 0, 0, 0, 0, 0, 0, 0, 0, 0 ], 
          [ 1, 0, 0, 0, 0, 0, 0, 0, 0, 0, 0, 0, 0, 0, 0, 0 ], 
          [ 0, 1, 0, 0, 0, 0, -1, 0, 0, 0, 0, 0, 0, 0, 0, 0 ], 
          [ 0, 0, 1, 0, 0, 0, -2, 0, 0, 0, 0, 0, 0, 0, 0, 0 ], 
          [ 0, 0, 0, 1, 0, 0, -2, 0, 0, 0, 0, 0, 0, 0, 0, 0 ], 
          [ 0, 0, 0, 0, 1, 0, -1, 0, 0, 0, 0, 0, 0, 0, 0, 0 ], 
          [ 0, 0, 0, 0, 0, 1, 0, 0, 0, 0, 0, 0, 0, 0, 0, 0 ], 
          [ 0, 0, 0, 0, 0, 0, 0, 1, 0, 0, 0, 0, 0, 0, 0, 0 ], 
          [ 0, 0, 0, 0, 0, 0, 0, 0, 1, 0, 0, 0, 0, 0, 0, 0 ], 
          [ 0, 0, 0, 0, 0, 0, 0, 0, 0, 1, 0, 0, 0, 0, 0, 0 ], 
          [ 0, 0, 0, 0, 0, 0, 0, 0, 0, 0, 1, 0, 0, 0, 0, 0 ], 
          [ 0, 0, 0, 0, 0, 0, 0, 0, 0, 0, 0, 1, 0, 0, 0, 0 ], 
          [ 0, 0, 0, 0, 0, 0, 0, 0, 0, 0, 0, 0, 1, 0, 0, 0 ], 
          [ 0, 0, 0, 0, 0, 0, 0, 0, 0, 0, 0, 0, 0, 1, 0, 0 ], 
          [ 0, 0, 0, 0, 0, 0, 0, 0, 0, 0, 0, 0, 0, 0, 1, 0 ], 
          [ 0, 0, 0, 0, 0, 0, 0, 0, 0, 0, 0, 0, 0, 0, 0, 1 ] ],
      eVect := [ 0, 1, 2, 2, 1, 0, 1, 0, 0, 0, 0, 0, 0, 0, 0, 0 ] ), rec(
      GramMat := [ [ 36, -24, -12, 0, 0, 6, -9, 0, 0, 6, 0, 0, 0, 0, 0, 6 ], 
          [ -24, 20, 6, 0, 0, -4, 6, 0, 0, -4, 0, 0, 0, 1, 1, -4 ], 
          [ -12, 6, 8, -2, 2, -2, 3, 0, 0, -2, 0, 0, -1, 0, 0, -1 ], 
          [ 0, 0, -2, 4, 0, 0, 2, 0, 0, 0, 0, 0, 2, 1, 1, 0 ], 
          [ 0, 0, 2, 0, 4, 2, 2, 0, 0, 0, 0, 0, 0, 1, 1, 2 ], 
          [ 6, -4, -2, 0, 2, 4, 0, 0, 0, 1, 0, 0, 0, 0, 0, 2 ], 
          [ -9, 6, 3, 2, 2, 0, 6, 2, 2, 0, 0, 0, 1, 1, 2, 0 ], 
          [ 0, 0, 0, 0, 0, 0, 2, 4, 2, 2, 0, 0, 0, -1, 1, 0 ], 
          [ 0, 0, 0, 0, 0, 0, 2, 2, 4, 2, 0, 0, 1, 0, 2, 1 ], 
          [ 6, -4, -2, 0, 0, 1, 0, 2, 2, 4, 2, 2, 1, 1, 2, 2 ], 
          [ 0, 0, 0, 0, 0, 0, 0, 0, 0, 2, 4, 2, 2, 1, 1, 0 ], 
          [ 0, 0, 0, 0, 0, 0, 0, 0, 0, 2, 2, 4, 1, 2, 2, 1 ], 
          [ 0, 0, -1, 2, 0, 0, 1, 0, 1, 1, 2, 1, 4, 0, 2, 0 ], 
          [ 0, 1, 0, 1, 1, 0, 1, -1, 0, 1, 1, 2, 0, 4, 2, 2 ], 
          [ 0, 1, 0, 1, 1, 0, 2, 1, 2, 2, 1, 2, 2, 2, 4, 2 ], 
          [ 6, -4, -1, 0, 2, 2, 0, 0, 1, 2, 0, 1, 0, 2, 2, 4 ] ],
      OrbitSize := 30720,
      Basis := [ [ 0, 0, 0, 0, 0, 0, 0, 0, 3, 0, 0, 0, 0, 0, 0, 0 ], 
          [ 1, 0, 0, 0, 0, 0, 0, 0, -2, 0, 0, 0, 0, 0, 0, 0 ], 
          [ 0, 1, 0, 0, 0, 0, 0, 0, -1, 0, 0, 0, 0, 0, 0, 0 ], 
          [ 0, 0, 1, 0, 0, 0, 0, 0, 0, 0, 0, 0, 0, 0, 0, 0 ], 
          [ 0, 0, 0, 1, 0, 0, 0, 0, 0, 0, 0, 0, 0, 0, 0, 0 ], 
          [ 0, 0, 0, 0, 1, 0, 0, 0, 0, 0, 0, 0, 0, 0, 0, 0 ], 
          [ 0, 0, 0, 0, 0, 1, 0, 0, -1, 0, 0, 0, 0, 0, 0, 0 ], 
          [ 0, 0, 0, 0, 0, 0, 1, 0, 0, 0, 0, 0, 0, 0, 0, 0 ], 
          [ 0, 0, 0, 0, 0, 0, 0, 1, 0, 0, 0, 0, 0, 0, 0, 0 ], 
          [ 0, 0, 0, 0, 0, 0, 0, 0, 0, 1, 0, 0, 0, 0, 0, 0 ], 
          [ 0, 0, 0, 0, 0, 0, 0, 0, 0, 0, 1, 0, 0, 0, 0, 0 ], 
          [ 0, 0, 0, 0, 0, 0, 0, 0, 0, 0, 0, 1, 0, 0, 0, 0 ], 
          [ 0, 0, 0, 0, 0, 0, 0, 0, 0, 0, 0, 0, 1, 0, 0, 0 ], 
          [ 0, 0, 0, 0, 0, 0, 0, 0, 0, 0, 0, 0, 0, 1, 0, 0 ], 
          [ 0, 0, 0, 0, 0, 0, 0, 0, 0, 0, 0, 0, 0, 0, 1, 0 ], 
          [ 0, 0, 0, 0, 0, 0, 0, 0, 0, 0, 0, 0, 0, 0, 0, 1 ] ],
      eVect := [ 2, 1, 0, 0, 0, 1, 0, 0, 1, 0, 0, 0, 0, 0, 0, 0 ] ) ];
