return [ [ 6, 7, 8, 10, 11, 12, 13, 14, 15, 16, 20, 21, 22, 23, 24, 25, 26, 27, 28, 29, 30, 31, 32, 33, 34, 35, 36, 
      37 ], [ 1, 2, 3, 4, 5, 6, 7, 8, 9, 10, 11, 12, 13, 14, 15, 16, 18, 19, 21, 22, 23, 24, 25, 26, 27, 28, 30, 31, 
      33, 34, 35, 36, 37, 38, 39, 40 ], [ 1, 3, 4, 5, 9, 11, 12, 13, 17, 18, 19, 20, 21, 22, 23, 24, 25, 26, 27, 28, 
      29, 30, 31, 32, 33, 34, 35, 36, 37, 38, 39, 40 ], 
  [ 2, 3, 6, 7, 8, 9, 10, 11, 12, 13, 15, 16, 17, 20, 21, 22, 23, 24, 26, 27, 28, 29, 30, 31, 33, 34, 35, 36, 37, 40 
     ], [ 3, 6, 7, 8, 10, 11, 12, 13, 15, 16, 17, 20, 21, 22, 23, 24, 25, 28, 29, 30, 31, 33, 34, 37 ], 
  [ 2, 3, 6, 7, 8, 10, 11, 14, 15, 16, 17, 18, 19, 21, 22, 23, 24, 25, 28, 29, 30, 31, 33, 34, 35, 36, 37, 40 ], 
  [ 6, 7, 8, 9, 10, 12, 13, 14, 15, 16, 20, 25, 26, 27, 28, 29, 30, 31, 32, 37 ], 
  [ 3, 6, 7, 8, 10, 11, 12, 13, 15, 16, 20, 23, 24, 25, 28, 29, 32, 33, 34, 37 ], 
  [ 6, 8, 10, 13, 14, 15, 16, 19, 20, 21, 22, 24, 25, 26, 27, 28, 30, 31, 33, 37 ] ];
