return [ [ 1, 2, 3, 4, 5, 6, 7, 8, 9, 10, 15, 16, 17, 18, 19, 20, 21, 22, 23, 24, 25, 26, 27, 28, 29, 30, 31, 32, 
      33, 34, 39, 40, 41, 42, 43, 44, 45, 46, 47, 48 ], 
  [ 1, 2, 3, 4, 5, 6, 7, 8, 11, 12, 13, 14, 15, 16, 17, 18, 21, 22, 27, 28, 31, 32, 33, 34, 35, 36, 37, 38, 41, 42, 
      43, 44, 45, 46, 47, 48 ], [ 4, 6, 8, 9, 10, 11, 12, 14, 16, 17, 18, 19, 20, 21, 22, 23, 26, 27, 28, 29, 30, 
      31, 32, 33, 35, 37, 38, 39, 40, 41, 43, 45 ], [ 2, 4, 6, 7, 8, 9, 10, 11, 12, 14, 16, 18, 19, 20, 21, 22, 23, 
      24, 25, 26, 27, 28, 29, 30, 31, 33, 35, 37, 38, 39, 40, 41, 42, 43, 45, 47 ], 
  [ 10, 11, 12, 18, 22, 23, 24, 26, 27, 28, 29, 31, 32, 33, 35, 38, 39, 40, 41, 45 ], 
  [ 9, 11, 12, 17, 21, 23, 26, 27, 28, 30, 31, 32, 33, 35, 36, 37, 39, 40, 41, 45 ], 
  [ 6, 8, 11, 12, 16, 18, 22, 26, 27, 28, 29, 30, 31, 32, 33, 35, 38, 40, 41, 42 ], 
  [ 6, 8, 9, 10, 11, 12, 15, 16, 17, 19, 21, 23, 26, 29, 30, 31, 32, 33, 35, 39 ], 
  [ 12, 16, 17, 18, 20, 21, 22, 23, 28, 29, 30, 32, 33, 34, 35, 37, 38, 39, 41, 43 ], 
  [ 4, 5, 6, 10, 11, 12, 16, 17, 18, 22, 23, 24, 26, 27, 28, 29, 32, 33, 34, 35, 38, 39, 40, 41, 44, 45, 46, 47 ], 
  [ 12, 16, 18, 20, 21, 22, 23, 24, 26, 28, 29, 30, 31, 32, 33, 34, 35, 37, 38, 39, 41, 43 ], 
  [ 6, 10, 11, 12, 16, 17, 18, 20, 21, 22, 23, 28, 29, 30, 32, 33, 34, 35, 38, 39, 40, 41, 43, 44, 45 ], 
  [ 10, 12, 18, 20, 22, 23, 24, 26, 27, 28, 29, 30, 31, 32, 33, 35, 37, 38, 39, 40, 41, 43, 45 ], 
  [ 4, 6, 8, 9, 10, 11, 12, 18, 20, 22, 23, 24, 26, 27, 28, 29, 30, 31, 32, 33, 35, 38, 40, 41, 42, 43, 44, 45, 46, 
      47 ], [ 5, 6, 10, 11, 16, 17, 18, 21, 22, 23, 28, 29, 32, 33, 34, 39, 40, 41, 44, 45 ] ];
