return [ [ 2, 3, 4, 5, 7, 8, 9, 10, 11, 12, 13, 14, 15, 16, 17, 18, 19, 20, 21, 22, 23, 24, 25, 26, 27, 28 ], 
  [ 1, 2, 3, 4, 6, 7, 8, 9, 10, 11, 12, 14, 16, 20, 21, 22, 23, 24, 25, 26, 27, 28 ], 
  [ 1, 2, 3, 4, 5, 8, 9, 10, 11, 12, 13, 14, 15, 16, 17, 18, 23, 24, 25, 26, 27, 28 ], 
  [ 1, 2, 4, 5, 6, 7, 9, 10, 11, 12, 13, 14, 15, 16, 17, 18, 19, 20, 21, 22, 23, 24, 25, 26, 27, 28 ], 
  [ 1, 2, 3, 4, 6, 7, 8, 9, 10, 11, 12, 13, 14, 15, 16, 17, 18, 19, 22, 24, 26, 27, 28 ], 
  [ 1, 2, 3, 4, 6, 7, 8, 10, 11, 12, 14, 16, 18, 19, 20, 22, 24, 26, 27, 28 ], 
  [ 1, 2, 3, 4, 6, 7, 9, 10, 11, 12, 14, 15, 16, 17, 19, 21, 22, 24, 26, 27, 28 ], 
  [ 1, 2, 3, 4, 6, 7, 10, 11, 12, 14, 16, 19, 20, 21, 22, 24, 26, 27, 28 ], 
  [ 1, 2, 3, 4, 6, 9, 10, 11, 12, 14, 16, 17, 21, 22, 23, 24, 26, 27, 28 ], 
  [ 1, 2, 3, 4, 5, 6, 8, 9, 10, 11, 12, 13, 16, 17, 18, 20, 21, 22, 23, 24, 25, 26, 27, 28 ], 
  [ 2, 3, 4, 6, 7, 9, 10, 11, 12, 14, 15, 16, 17, 18, 19, 21, 22, 24, 27 ], 
  [ 2, 3, 6, 7, 8, 9, 10, 11, 12, 13, 14, 15, 16, 17, 18, 19, 21, 22, 23, 24, 27, 28 ] ];
