return [ [ 2, 3, 4, 6, 7, 8, 9, 10, 11, 12, 13, 14, 15, 16, 17, 18, 19, 20, 21, 22, 23, 24, 25, 26, 27, 28, 29, 30, 
      31, 32 ], [ 1, 2, 3, 4, 5, 6, 7, 8, 10, 11, 13, 14, 15, 16, 17, 18, 19, 20, 22, 23, 25, 26, 27, 28, 29, 30, 
      31, 32 ], [ 2, 3, 4, 5, 6, 7, 11, 13, 14, 15, 16, 17, 18, 20, 21, 22, 23, 25, 27 ], 
  [ 2, 4, 5, 6, 7, 8, 11, 12, 13, 14, 16, 17, 18, 19, 20, 22, 23, 25, 29 ], 
  [ 1, 2, 3, 4, 5, 14, 16, 17, 18, 19, 20, 23, 24, 25, 26, 27, 28, 29, 30 ], 
  [ 1, 2, 3, 4, 5, 7, 9, 11, 12, 13, 14, 15, 16, 17, 18, 20, 21, 22, 23, 25, 27, 29 ], 
  [ 2, 3, 4, 5, 6, 7, 14, 16, 17, 18, 19, 20, 23, 24, 25, 26, 27, 28, 29, 30 ], 
  [ 1, 2, 3, 4, 5, 12, 13, 14, 15, 16, 17, 18, 19, 20, 21, 22, 23, 24, 25, 26, 27, 28, 29 ], 
  [ 2, 3, 4, 5, 6, 7, 11, 14, 15, 16, 17, 18, 19, 20, 21, 22, 23, 24, 25, 26, 27, 30 ], 
  [ 2, 3, 4, 5, 6, 7, 8, 9, 10, 11, 12, 13, 14, 15, 16, 17, 18, 19, 20, 21, 22, 23, 24, 25, 26 ], 
  [ 1, 2, 3, 4, 5, 7, 9, 11, 12, 14, 15, 16, 17, 18, 19, 20, 21, 22, 23, 24, 25, 26, 27, 29, 30, 32 ], 
  [ 1, 2, 3, 4, 5, 6, 7, 8, 9, 10, 11, 12, 13, 14, 15, 16, 17, 18, 19, 20, 21, 22, 23, 27, 28, 29 ], 
  [ 1, 2, 3, 4, 5, 6, 7, 8, 9, 10, 11, 13, 14, 15, 16, 17, 20, 21, 22, 23, 25, 26, 27, 28, 29, 32 ], 
  [ 1, 2, 3, 4, 9, 10, 11, 12, 13, 14, 15, 16, 17, 18, 19, 20, 21, 22, 23, 24, 25, 26, 27, 28, 29, 30, 31, 32 ] ];
