return [ [ 2, 3, 4, 6, 10, 12, 13, 14, 16, 20, 21, 22, 23, 25, 26, 28, 29, 30, 31, 32, 33, 35, 36, 38, 39, 40 ], 
  [ 1, 2, 3, 4, 7, 8, 9, 10, 11, 12, 13, 14, 15, 16, 17, 18, 19, 20, 21, 22, 23, 24, 27, 28, 29, 30, 31, 32, 33, 34, 
      35, 36, 37, 38, 39, 40 ], [ 1, 2, 3, 4, 5, 6, 9, 10, 11, 12, 13, 14, 15, 16, 19, 20, 21, 22, 25, 26, 27, 28, 
      29, 30, 31, 32, 35, 36, 37, 38, 39, 40 ], [ 4, 5, 6, 8, 9, 10, 12, 13, 14, 16, 17, 18, 19, 22, 23, 24, 25, 27, 
      28, 29, 31, 32, 33, 35, 36, 37 ], [ 4, 8, 9, 10, 14, 15, 16, 18, 19, 20, 22, 23, 24, 26, 27, 28, 29, 32, 33, 
      34, 35, 37, 38, 39 ], [ 4, 6, 8, 9, 10, 14, 15, 16, 18, 19, 20, 26, 32, 33, 34, 35, 37, 38, 39 ], 
  [ 1, 2, 5, 6, 7, 8, 9, 10, 11, 12, 13, 14, 15, 16, 19, 20, 21, 22, 25, 26, 27, 28, 29, 30, 31, 32, 33, 34, 35, 36, 
      39, 40 ], [ 10, 14, 15, 16, 18, 19, 20, 24, 26, 28, 29, 30, 32, 33, 34, 35, 37, 38, 39 ], 
  [ 8, 9, 10, 14, 15, 16, 17, 18, 19, 24, 26, 27, 28, 29, 32, 33, 34, 35, 37 ], 
  [ 1, 2, 3, 4, 7, 8, 9, 10, 15, 16, 21, 22, 23, 24, 25, 26, 27, 28, 29, 30, 31, 32, 33, 34, 35, 36, 37, 38, 39, 40 ]
    , [ 2, 4, 8, 10, 12, 14, 15, 16, 18, 20, 21, 22, 23, 24, 26, 27, 28, 29, 30, 31, 32, 33, 34, 35, 37, 38, 39, 40 ]
    , [ 10, 14, 16, 18, 19, 20, 24, 26, 28, 29, 30, 32, 33, 34, 35, 36, 37, 38, 39 ], 
  [ 6, 8, 9, 10, 14, 16, 17, 18, 19, 24, 25, 26, 27, 28, 29, 32, 33, 34, 35, 36, 37 ], 
  [ 10, 14, 16, 18, 19, 20, 24, 25, 26, 28, 29, 30, 32, 33, 34, 36, 37, 38, 39 ], 
  [ 2, 4, 6, 8, 10, 12, 14, 16, 18, 20, 21, 22, 23, 24, 25, 26, 27, 28, 29, 30, 31, 32, 33, 34, 35, 36, 37, 38, 39, 
      40 ], [ 6, 8, 9, 10, 16, 17, 18, 19, 22, 24, 25, 26, 27, 28, 29, 32, 35, 36, 37 ], 
  [ 6, 9, 10, 13, 14, 16, 17, 18, 19, 24, 25, 26, 28, 29, 32, 33, 35, 36, 37 ], 
  [ 6, 7, 8, 9, 10, 16, 17, 18, 19, 20, 22, 24, 25, 26, 27, 29, 32, 34, 35, 36, 37, 39 ], 
  [ 2, 3, 4, 6, 12, 14, 16, 21, 22, 23, 25, 26, 27, 28, 29, 32, 35, 36, 38 ], 
  [ 5, 6, 9, 13, 17, 19, 22, 23, 24, 25, 26, 27, 28, 29, 31, 32, 33, 35, 37 ] ];
