nbCase=3
iCase=1
 1 1 1 1 1 1
nb of occurring orbits=32
selected representing orbits (at most 10)
  orbit nr=1
   0 1 -1 1 1 -1
   -1 -1 1 -2 -1 2
   -1 -1 1 -2 0 2
   -1 -1 1 -1 -1 2
   -1 -1 1 -1 0 1
   -1 -1 2 -2 -1 2
  orbit nr=2
   0 1 -1 1 1 -1
   -1 -1 1 -2 -1 2
   -1 -1 1 -2 0 2
   -1 -1 1 -1 -1 2
   -1 -1 1 -1 0 1
   -1 0 1 -2 0 1
  orbit nr=3
   0 1 -1 1 1 -1
   -1 -1 1 -2 -1 2
   -1 -1 1 -2 0 2
   -1 -1 1 -1 -1 2
   -1 -1 1 -1 0 1
   -1 0 1 -1 0 0
  orbit nr=4
   0 1 -1 1 1 -1
   -1 -1 1 -2 -1 2
   -1 -1 1 -2 0 2
   -1 -1 1 -1 -1 2
   -1 -1 1 -1 0 1
   -1 0 1 -1 0 1
  orbit nr=5
   0 1 -1 1 1 -1
   -1 -1 1 -2 -1 2
   -1 -1 1 -2 0 2
   -1 -1 1 -1 -1 2
   -1 -1 1 -1 0 1
   -1 1 0 0 1 -1
  orbit nr=6
   0 1 -1 1 1 -1
   -1 -1 1 -2 -1 2
   -1 -1 1 -2 0 2
   -1 -1 1 -1 -1 2
   -1 -1 1 -1 0 1
   0 -1 0 -1 -1 2
  orbit nr=7
   0 1 -1 1 1 -1
   -1 -1 1 -2 -1 2
   -1 -1 1 -2 0 2
   -1 -1 1 -1 -1 2
   -1 -1 1 -1 0 1
   0 -1 0 -1 0 1
  orbit nr=8
   0 1 -1 1 1 -1
   -1 -1 1 -2 -1 2
   -1 -1 1 -2 0 2
   -1 -1 1 -1 -1 2
   -1 -1 1 -1 0 1
   0 0 -1 0 0 0
  orbit nr=9
   0 1 -1 1 1 -1
   -1 -1 1 -2 -1 2
   -1 -1 1 -2 0 2
   -1 -1 1 -1 -1 2
   -1 -1 1 -1 0 1
   0 0 -1 0 1 0
  orbit nr=10
   0 1 -1 1 1 -1
   -1 -1 1 -2 -1 2
   -1 -1 1 -2 0 2
   -1 -1 1 -1 -1 2
   -1 0 0 -1 1 0
   -1 0 1 -1 -1 1
iCase=2
 1 1 1 1 1 2
nb of occurring orbits=6
selected representing orbits (at most 10)
  orbit nr=1
   0 1 -1 1 1 -1
   -1 -1 1 -2 -1 2
   -1 -1 1 -2 0 2
   -1 -1 1 -1 -1 2
   -1 0 1 -1 0 0
   0 0 -1 1 1 -1
  orbit nr=2
   0 1 -1 1 1 -1
   -1 -1 1 -2 -1 2
   -1 -1 1 -2 0 2
   -1 -1 1 -1 -1 2
   -1 0 1 -1 1 0
   0 0 -1 1 1 -1
  orbit nr=3
   0 1 -1 1 1 -1
   -1 -1 1 -2 -1 2
   -1 -1 1 -2 0 2
   -1 -1 1 -1 -1 2
   -1 1 0 0 1 -1
   0 0 -1 1 1 -1
  orbit nr=4
   0 1 -1 1 1 -1
   -1 -1 1 -2 -1 2
   -1 -1 1 -2 0 2
   -1 -1 1 -1 -1 2
   0 -1 0 -1 -1 2
   0 0 -1 1 1 -1
  orbit nr=5
   0 1 -1 1 1 -1
   -1 -1 1 -2 -1 2
   -1 -1 1 -2 0 2
   -1 0 1 -1 1 0
   -1 0 1 0 0 0
   0 0 -1 1 1 -1
  orbit nr=6
   0 1 -1 1 1 -1
   -1 -1 1 -2 -1 2
   -1 -1 1 -1 0 1
   -1 -1 2 -2 -1 2
   -1 0 1 -1 0 0
   0 0 0 -1 1 0
iCase=3
 1 1 1 1 1 3
nb of occurring orbits=1
selected representing orbits (at most 10)
  orbit nr=1
   0 1 -1 1 1 -1
   -1 -1 1 -2 -1 2
   -1 0 1 -1 1 0
   -1 0 1 0 0 0
   0 -1 0 0 0 1
   0 -1 1 -1 -1 2
