return rec(
  GramMat := 
   [ [ 31, 10, 6, 6, -2, 6, 10, -2, 6, -10, 2, -2, 2, 2, 6, 10, 2, 6, 2, -2, 
          2, 2, 10 ], 
      [ 10, 12, -4, 0, -4, 0, 4, 0, 0, 0, -4, -4, 4, 0, 0, 4, 0, 4, -4, 4, 
          4, 4, 4 ], 
      [ 6, -4, 12, 4, 4, 4, 0, -4, 0, -4, 4, 0, -4, 0, 0, 4, 0, -4, 4, -4, 
          -4, 0, 4 ], 
      [ 6, 0, 4, 12, 4, 0, 4, -4, -4, -4, 0, -4, -4, 0, -4, 4, 0, 0, 0, -4, 
          0, 4, 4 ], 
      [ -2, -4, 4, 4, 12, 0, 0, -4, -4, -4, 0, 0, -4, 0, 0, 0, 0, -4, 0, -4, 
          -4, 4, 4 ], 
      [ 6, 0, 4, 0, 0, 12, 0, 4, 0, 0, 4, 0, -4, 4, 4, 0, -4, 0, -4, 0, 0, 
          -4, 4 ], 
      [ 10, 4, 0, 4, 0, 0, 12, 0, 0, -4, -4, 0, 0, 4, 0, 4, 0, 4, 0, -4, 4, 
          0, 4 ], 
      [ -2, 0, -4, -4, -4, 4, 0, 12, 0, 4, 0, 4, 0, 0, 0, 0, -4, 0, -4, 4, 
          4, -4, -4 ], 
      [ 6, 0, 0, -4, -4, 0, 0, 0, 12, 0, 0, 4, 4, 0, 4, 0, 0, 4, 4, 0, 4, 
          -4, 0 ], 
      [ -10, 0, -4, -4, -4, 0, -4, 4, 0, 12, -4, 0, 0, 0, -4, -4, 0, 0, -4, 
          4, 4, 0, -4 ], 
      [ 2, -4, 4, 0, 0, 4, -4, 0, 0, -4, 12, 0, 0, 0, 4, 0, 0, -4, 4, -4, 
          -4, -4, 0 ], 
      [ -2, -4, 0, -4, 0, 0, 0, 4, 4, 0, 0, 12, -4, -4, 4, 0, -4, 0, 4, 0, 
          0, -4, 0 ], 
      [ 2, 4, -4, -4, -4, -4, 0, 0, 4, 0, 0, -4, 12, 0, 0, 0, 4, 0, 0, 0, 4, 
          0, -4 ], 
      [ 2, 0, 0, 0, 0, 4, 4, 0, 0, 0, 0, -4, 0, 12, 0, -4, 4, 4, -4, -4, 0, 
          -4, 0 ], 
      [ 6, 0, 0, -4, 0, 4, 0, 0, 4, -4, 4, 4, 0, 0, 12, -4, 0, 4, 0, 0, -4, 
          -4, 4 ], 
      [ 10, 4, 4, 4, 0, 0, 4, 0, 0, -4, 0, 0, 0, -4, -4, 12, -4, -4, 4, 0, 
          4, 4, 4 ], 
      [ 2, 0, 0, 0, 0, -4, 0, -4, 0, 0, 0, -4, 4, 4, 0, -4, 12, 4, 0, -4, 
          -4, 0, -4 ], 
      [ 6, 4, -4, 0, -4, 0, 4, 0, 4, 0, -4, 0, 0, 4, 4, -4, 4, 12, -4, 0, 0, 
          -4, 0 ], 
      [ 2, -4, 4, 0, 0, -4, 0, -4, 4, -4, 4, 4, 0, -4, 0, 4, 0, -4, 12, -4, 
          0, 0, 0 ], 
      [ -2, 4, -4, -4, -4, 0, -4, 4, 0, 4, -4, 0, 0, -4, 0, 0, -4, 0, -4, 
          12, 0, 4, 0 ], 
      [ 2, 4, -4, 0, -4, 0, 4, 4, 4, 4, -4, 0, 4, 0, -4, 4, -4, 0, 0, 0, 12, 
          0, 0 ], 
      [ 2, 4, 0, 4, 4, -4, 0, -4, -4, 0, -4, -4, 0, -4, -4, 4, 0, -4, 0, 4, 
          0, 12, 4 ], 
      [ 10, 4, 4, 4, 4, 4, 4, -4, 0, -4, 0, 0, -4, 0, 4, 4, -4, 0, 0, 0, 0, 
          4, 12 ] ],
  eV := [ 0, -29/24, 23/24, 1/8, 13/12, 2/3, -13/12, -13/12, -15/4, 1/4, 
      19/12, 13/6, 10/3, 13/12, -11/12, 4/3, -1/8, 31/8, 13/12, 61/24, 3/2, 
      1/8, 3/8 ] );
