return rec(
  EXT := [ [ 1, 0, 0, 0, 0, 0 ], [ 1, 0, 1, 0, 0, 0 ], [ 1, 1, 0, 0, 0, 0 ], [ 1, 1, 1, 0, 0, 0 ] ],
  ListAdjacentVert := [ [ 1, -1, 0, 0, 0, 0 ], [ 1, -1, 1, 0, 0, 0 ], [ 1, 2, 0, 0, 0, 0 ], [ 1, 2, 1, 0, 0, 0 ], 
      [ 1, 0, -1, 0, 0, 0 ], [ 1, 0, 2, 0, 0, 0 ], [ 1, 1, -1, 0, 0, 0 ], [ 1, 1, 2, 0, 0, 0 ], [ 1, 0, 0, 0, 0, 0 ],
      [ 1, 0, 1, 0, 0, 0 ], [ 1, 1, 0, 0, 0, 0 ], [ 1, 1, 1, 0, 0, 0 ] ],
  TheQuadForm := [ [ 4, 0, 0, 0, 0 ], [ 0, 2, 0, 0, 0 ], [ 0, 0, 0, 0, 0 ], [ 0, 0, 0, 0, 0 ], [ 0, 0, 0, 0, 0 ] ],
  TheQuadFunction := [ [ 0, -2, -1, 0, 0, 0 ], [ -2, 4, 0, 0, 0, 0 ], [ -1, 0, 2, 0, 0, 0 ], [ 0, 0, 0, 0, 0, 0 ], 
      [ 0, 0, 0, 0, 0, 0 ], [ 0, 0, 0, 0, 0, 0 ] ],
  TheStab := rec(
      GRPperm := Group( [ (1,2)(3,4), (1,3)(2,4) ] ),
      TheMatrGRP := 
       Group(
        [ [ [ 1, 0, 1, 0, -1, 0 ], [ 0, 1, 0, 0, 0, 0 ], [ 0, 0, -1, 0, 2, 0 ], [ 0, 0, 0, 1, 0, 0 ], 
              [ 0, 0, 0, 0, 1, 0 ], [ 0, 0, 0, 0, 0, 1 ] ], 
          [ [ 1, 1, 0, -1, 0, 1 ], [ 0, -1, 0, 2, 0, -2 ], [ 0, 0, 1, 0, 0, 0 ], [ 0, 0, 0, 1, 0, 0 ], 
              [ 0, 0, 0, 0, 1, 0 ], [ 0, 0, 0, 0, 0, 1 ] ] ]),
      phi := GroupHomomorphismByImages( Group( [ (1,2)(3,4), (1,3)(2,4) ] ), Group(
        [ [ [ 1, 0, 1, 0, -1, 0 ], [ 0, 1, 0, 0, 0, 0 ], [ 0, 0, -1, 0, 2, 0 ], [ 0, 0, 0, 1, 0, 0 ], 
              [ 0, 0, 0, 0, 1, 0 ], [ 0, 0, 0, 0, 0, 1 ] ], 
          [ [ 1, 1, 0, -1, 0, 1 ], [ 0, -1, 0, 2, 0, -2 ], [ 0, 0, 1, 0, 0, 0 ], [ 0, 0, 0, 1, 0, 0 ], 
              [ 0, 0, 0, 0, 1, 0 ], [ 0, 0, 0, 0, 0, 1 ] ] ]), [ (1,2)(3,4), (1,3)(2,4) ], 
        [ [ [ 1, 0, 1, 0, -1, 0 ], [ 0, 1, 0, 0, 0, 0 ], [ 0, 0, -1, 0, 2, 0 ], [ 0, 0, 0, 1, 0, 0 ], 
              [ 0, 0, 0, 0, 1, 0 ], [ 0, 0, 0, 0, 0, 1 ] ], 
          [ [ 1, 1, 0, -1, 0, 1 ], [ 0, -1, 0, 2, 0, -2 ], [ 0, 0, 1, 0, 0, 0 ], [ 0, 0, 0, 1, 0, 0 ], 
              [ 0, 0, 0, 0, 1, 0 ], [ 0, 0, 0, 0, 0, 1 ] ] ] ) ),
  VectSpace := [ [ 0, 0, 1, 0, 0 ], [ 0, 0, 0, 1, 0 ], [ 0, 0, 0, 0, 1 ] ],
  n := 5 );
