return rec(
  EXT := [ [ 1, 0, 0, 0, 0, 0 ], [ 1, 1, 0, 0, 0, 0 ] ],
  ListAdjacentVert := [ [ 1, -1, 0, 0, 0, 0 ], [ 1, 2, 0, 0, 0, 0 ], [ 1, 0, 0, 0, 0, 0 ], [ 1, 1, 0, 0, 0, 0 ] ],
  TheQuadForm := [ [ 2, 0, 0, 0, 0 ], [ 0, 0, 0, 0, 0 ], [ 0, 0, 0, 0, 0 ], [ 0, 0, 0, 0, 0 ], [ 0, 0, 0, 0, 0 ] ],
  TheQuadFunction := [ [ 0, -1, 0, 0, 0, 0 ], [ -1, 2, 0, 0, 0, 0 ], [ 0, 0, 0, 0, 0, 0 ], [ 0, 0, 0, 0, 0, 0 ], 
      [ 0, 0, 0, 0, 0, 0 ], [ 0, 0, 0, 0, 0, 0 ] ],
  TheStab := rec(
      GRPperm := Group( [ (1,2) ] ),
      TheMatrGRP := 
       Group([ [ [ 1, 1, -1, 1, -1, 0 ], [ 0, -1, 2, -2, 2, 0 ], [ 0, 0, 1, 0, 0, 0 ], [ 0, 0, 0, 1, 0, 0 ], 
              [ 0, 0, 0, 0, 1, 0 ], [ 0, 0, 0, 0, 0, 1 ] ] ]),
      phi := GroupHomomorphismByImages( Group( [ (1,2) ] ), Group(
        [ [ [ 1, 1, -1, 1, -1, 0 ], [ 0, -1, 2, -2, 2, 0 ], [ 0, 0, 1, 0, 0, 0 ], [ 0, 0, 0, 1, 0, 0 ], 
              [ 0, 0, 0, 0, 1, 0 ], [ 0, 0, 0, 0, 0, 1 ] ] ]), [ (1,2) ], 
        [ [ [ 1, 1, -1, 1, -1, 0 ], [ 0, -1, 2, -2, 2, 0 ], [ 0, 0, 1, 0, 0, 0 ], [ 0, 0, 0, 1, 0, 0 ], 
              [ 0, 0, 0, 0, 1, 0 ], [ 0, 0, 0, 0, 0, 1 ] ] ] ) ),
  VectSpace := [ [ 0, 1, 0, 0, 0 ], [ 0, 0, 1, 0, 0 ], [ 0, 0, 0, 1, 0 ], [ 0, 0, 0, 0, 1 ] ],
  n := 5 );
