return [ rec(
      EXT := [ [ 1, 0, 0, 0, 0, 0 ], [ 1, 0, 0, 0, 1, 0 ], [ 1, 0, 0, 1, 0, 0 ], [ 1, 0, 0, 1, 1, 0 ], 
          [ 1, 0, 1, 0, 0, 0 ], [ 1, 0, 1, 0, 1, 0 ], [ 1, 0, 1, 1, 0, 0 ], [ 1, 0, 1, 1, 1, 0 ], 
          [ 1, 1, 0, 0, 0, 0 ], [ 1, 1, 0, 0, 1, 0 ], [ 1, 1, 0, 1, 0, 0 ], [ 1, 1, 0, 1, 1, 0 ], 
          [ 1, 1, 1, 0, 0, 0 ], [ 1, 1, 1, 0, 1, 0 ], [ 1, 1, 1, 1, 0, 0 ], [ 1, 1, 1, 1, 1, 0 ] ],
      ListAdjacentVert := [ [ 1, -1, 0, 0, 0, 0 ], [ 1, -1, 0, 0, 1, 0 ], [ 1, -1, 0, 1, 0, 0 ], 
          [ 1, -1, 1, 0, 0, 0 ], [ 1, 2, 0, 0, 0, 0 ], [ 1, -1, 0, 1, 1, 0 ], [ 1, -1, 1, 0, 1, 0 ], 
          [ 1, 2, 0, 0, 1, 0 ], [ 1, -1, 1, 1, 0, 0 ], [ 1, 2, 0, 1, 0, 0 ], [ 1, 2, 1, 0, 0, 0 ], 
          [ 1, -1, 1, 1, 1, 0 ], [ 1, 2, 0, 1, 1, 0 ], [ 1, 2, 1, 0, 1, 0 ], [ 1, 2, 1, 1, 0, 0 ], 
          [ 1, 2, 1, 1, 1, 0 ], [ 1, 0, -1, 0, 0, 0 ], [ 1, 0, -1, 0, 1, 0 ], [ 1, 0, -1, 1, 0, 0 ], 
          [ 1, 0, 2, 0, 0, 0 ], [ 1, 1, -1, 0, 0, 0 ], [ 1, 0, -1, 1, 1, 0 ], [ 1, 0, 2, 0, 1, 0 ], 
          [ 1, 1, -1, 0, 1, 0 ], [ 1, 0, 2, 1, 0, 0 ], [ 1, 1, -1, 1, 0, 0 ], [ 1, 1, 2, 0, 0, 0 ], 
          [ 1, 0, 2, 1, 1, 0 ], [ 1, 1, -1, 1, 1, 0 ], [ 1, 1, 2, 0, 1, 0 ], [ 1, 1, 2, 1, 0, 0 ], 
          [ 1, 1, 2, 1, 1, 0 ], [ 1, 0, 0, -1, 0, 0 ], [ 1, 0, 0, -1, 1, 0 ], [ 1, 0, 0, 2, 0, 0 ], 
          [ 1, 0, 1, -1, 0, 0 ], [ 1, 1, 0, -1, 0, 0 ], [ 1, 0, 0, 2, 1, 0 ], [ 1, 0, 1, -1, 1, 0 ], 
          [ 1, 1, 0, -1, 1, 0 ], [ 1, 0, 1, 2, 0, 0 ], [ 1, 1, 0, 2, 0, 0 ], [ 1, 1, 1, -1, 0, 0 ], 
          [ 1, 0, 1, 2, 1, 0 ], [ 1, 1, 0, 2, 1, 0 ], [ 1, 1, 1, -1, 1, 0 ], [ 1, 1, 1, 2, 0, 0 ], 
          [ 1, 1, 1, 2, 1, 0 ], [ 1, 0, 0, 0, -1, 0 ], [ 1, 0, 0, 0, 2, 0 ], [ 1, 0, 0, 1, -1, 0 ], 
          [ 1, 0, 1, 0, -1, 0 ], [ 1, 1, 0, 0, -1, 0 ], [ 1, 0, 0, 1, 2, 0 ], [ 1, 0, 1, 0, 2, 0 ], 
          [ 1, 1, 0, 0, 2, 0 ], [ 1, 0, 1, 1, -1, 0 ], [ 1, 1, 0, 1, -1, 0 ], [ 1, 1, 1, 0, -1, 0 ], 
          [ 1, 0, 1, 1, 2, 0 ], [ 1, 1, 0, 1, 2, 0 ], [ 1, 1, 1, 0, 2, 0 ], [ 1, 1, 1, 1, -1, 0 ], 
          [ 1, 1, 1, 1, 2, 0 ], [ 1, 0, 0, 0, 0, 0 ], [ 1, 0, 0, 0, 1, 0 ], [ 1, 0, 0, 1, 0, 0 ], 
          [ 1, 0, 0, 1, 1, 0 ], [ 1, 0, 1, 0, 0, 0 ], [ 1, 0, 1, 0, 1, 0 ], [ 1, 0, 1, 1, 0, 0 ], 
          [ 1, 0, 1, 1, 1, 0 ], [ 1, 1, 0, 0, 0, 0 ], [ 1, 1, 0, 0, 1, 0 ], [ 1, 1, 0, 1, 0, 0 ], 
          [ 1, 1, 0, 1, 1, 0 ], [ 1, 1, 1, 0, 0, 0 ], [ 1, 1, 1, 0, 1, 0 ], [ 1, 1, 1, 1, 0, 0 ], 
          [ 1, 1, 1, 1, 1, 0 ] ],
      TheQuadForm := [ [ 16, 0, 0, 0, 0 ], [ 0, 8, 0, 0, 0 ], [ 0, 0, 4, 0, 0 ], [ 0, 0, 0, 2, 0 ], 
          [ 0, 0, 0, 0, 0 ] ],
      TheQuadFunction := [ [ 0, -8, -4, -2, -1, 0 ], [ -8, 16, 0, 0, 0, 0 ], [ -4, 0, 8, 0, 0, 0 ], 
          [ -2, 0, 0, 4, 0, 0 ], [ -1, 0, 0, 0, 2, 0 ], [ 0, 0, 0, 0, 0, 0 ] ],
      TheStab := rec(
          GRPperm := Group( [ ( 5, 9)( 6,10)( 7,11)( 8,12), ( 3, 5)( 4, 6)(11,13)(12,14), 
              ( 1, 2)( 3, 4)( 5, 6)( 7, 8)( 9,10)(11,12)(13,14)(15,16), ( 1, 3)( 2, 4)( 5, 7)( 6, 8)( 9,11)(10,12)
                (13,15)(14,16) ] ),
          TheMatrGRP := 
           Group(
            [ [ [ 1, 0, 0, 0, 0, 0 ], [ 0, 0, 1, 0, 0, 1 ], [ 0, 1, 0, 0, 0, -1 ], [ 0, 0, 0, 1, 0, 0 ], 
                  [ 0, 0, 0, 0, 1, 0 ], [ 0, 0, 0, 0, 0, 1 ] ], 
              [ [ 1, 0, 0, 0, 0, 0 ], [ 0, 1, 0, 0, 0, 0 ], [ 0, 0, 0, 1, 0, 0 ], [ 0, 0, 1, 0, 0, 0 ], 
                  [ 0, 0, 0, 0, 1, 0 ], [ 0, 0, 0, 0, 0, 1 ] ], 
              [ [ 1, 0, 0, 0, 1, 0 ], [ 0, 1, 0, 0, 0, 0 ], [ 0, 0, 1, 0, 0, 0 ], [ 0, 0, 0, 1, 0, 0 ], 
                  [ 0, 0, 0, 0, -1, 0 ], [ 0, 0, 0, 0, 0, 1 ] ], 
              [ [ 1, 0, 0, 1, 0, 0 ], [ 0, 1, 0, 0, 0, 0 ], [ 0, 0, 1, 0, 0, 0 ], [ 0, 0, 0, -1, 0, 0 ], 
                  [ 0, 0, 0, 0, 1, 0 ], [ 0, 0, 0, 0, 0, 1 ] ] ]),
          phi := GroupHomomorphismByImages( Group( [ ( 5, 9)( 6,10)( 7,11)( 8,12), ( 3, 5)( 4, 6)(11,13)(12,14), 
              ( 1, 2)( 3, 4)( 5, 6)( 7, 8)( 9,10)(11,12)(13,14)(15,16), ( 1, 3)( 2, 4)( 5, 7)( 6, 8)( 9,11)(10,12)
                (13,15)(14,16) ] ), Group(
            [ [ [ 1, 0, 0, 0, 0, 0 ], [ 0, 0, 1, 0, 0, 1 ], [ 0, 1, 0, 0, 0, -1 ], [ 0, 0, 0, 1, 0, 0 ], 
                  [ 0, 0, 0, 0, 1, 0 ], [ 0, 0, 0, 0, 0, 1 ] ], 
              [ [ 1, 0, 0, 0, 0, 0 ], [ 0, 1, 0, 0, 0, 0 ], [ 0, 0, 0, 1, 0, 0 ], [ 0, 0, 1, 0, 0, 0 ], 
                  [ 0, 0, 0, 0, 1, 0 ], [ 0, 0, 0, 0, 0, 1 ] ], 
              [ [ 1, 0, 0, 0, 1, 0 ], [ 0, 1, 0, 0, 0, 0 ], [ 0, 0, 1, 0, 0, 0 ], [ 0, 0, 0, 1, 0, 0 ], 
                  [ 0, 0, 0, 0, -1, 0 ], [ 0, 0, 0, 0, 0, 1 ] ], 
              [ [ 1, 0, 0, 1, 0, 0 ], [ 0, 1, 0, 0, 0, 0 ], [ 0, 0, 1, 0, 0, 0 ], [ 0, 0, 0, -1, 0, 0 ], 
                  [ 0, 0, 0, 0, 1, 0 ], [ 0, 0, 0, 0, 0, 1 ] ] ]), [ ( 5, 9)( 6,10)( 7,11)( 8,12), 
              ( 3, 5)( 4, 6)(11,13)(12,14), ( 1, 2)( 3, 4)( 5, 6)( 7, 8)( 9,10)(11,12)(13,14)(15,16), 
              ( 1, 3)( 2, 4)( 5, 7)( 6, 8)( 9,11)(10,12)(13,15)(14,16) ], 
            [ [ [ 1, 0, 0, 0, 0, 0 ], [ 0, 0, 1, 0, 0, 1 ], [ 0, 1, 0, 0, 0, -1 ], [ 0, 0, 0, 1, 0, 0 ], 
                  [ 0, 0, 0, 0, 1, 0 ], [ 0, 0, 0, 0, 0, 1 ] ], 
              [ [ 1, 0, 0, 0, 0, 0 ], [ 0, 1, 0, 0, 0, 0 ], [ 0, 0, 0, 1, 0, 0 ], [ 0, 0, 1, 0, 0, 0 ], 
                  [ 0, 0, 0, 0, 1, 0 ], [ 0, 0, 0, 0, 0, 1 ] ], 
              [ [ 1, 0, 0, 0, 1, 0 ], [ 0, 1, 0, 0, 0, 0 ], [ 0, 0, 1, 0, 0, 0 ], [ 0, 0, 0, 1, 0, 0 ], 
                  [ 0, 0, 0, 0, -1, 0 ], [ 0, 0, 0, 0, 0, 1 ] ], 
              [ [ 1, 0, 0, 1, 0, 0 ], [ 0, 1, 0, 0, 0, 0 ], [ 0, 0, 1, 0, 0, 0 ], [ 0, 0, 0, -1, 0, 0 ], 
                  [ 0, 0, 0, 0, 1, 0 ], [ 0, 0, 0, 0, 0, 1 ] ] ] ) ),
      VectSpace := [ [ 0, 0, 0, 0, 1 ] ],
      n := 5 ), rec(
      EXT := [ [ 1, 1, 1, 0, -1, -1 ], [ 1, 1, 1, 1, -1, -1 ], [ 1, 1, 0, 0, -1, 0 ], [ 1, 1, 0, 1, -1, 0 ], 
          [ 1, 0, 1, 0, 0, -1 ], [ 1, 0, 0, 0, 0, 0 ] ],
      ListAdjacentVert := [ [ 1, 0, 2, 0, 0, -2 ], [ 1, 1, 2, 1, -1, -2 ], [ 1, 0, -1, 0, 0, 1 ], 
          [ 1, 1, 2, 0, -1, -2 ], [ 1, 1, -1, 1, -1, 1 ], [ 1, 1, -1, 0, -1, 1 ], [ 1, 2, 0, 1, -2, 0 ], 
          [ 1, 0, 0, -1, 0, 0 ], [ 1, 2, 1, 1, -2, -1 ], [ 1, 0, 0, 1, 0, 0 ], [ 1, 0, 1, -1, 0, -1 ], 
          [ 1, 0, 1, 1, 0, -1 ], [ 1, 1, 1, 0, -1, -1 ], [ 1, 1, 1, 1, -1, -1 ], [ 1, 1, 0, 0, -1, 0 ], 
          [ 1, 1, 0, 1, -1, 0 ], [ 1, 0, 1, 0, 0, -1 ], [ 1, 0, 0, 0, 0, 0 ] ],
      TheQuadForm := [ [ 4, 0, -2, 0, 0 ], [ 0, 2, 0, 0, 0 ], [ -2, 0, 4, 0, 0 ], [ 0, 0, 0, 0, 0 ], 
          [ 0, 0, 0, 0, 0 ] ],
      TheQuadFunction := [ [ 0, -2, -1, 0, 0, 0 ], [ -2, 4, 0, -2, 0, 0 ], [ -1, 0, 2, 0, 0, 0 ], 
          [ 0, -2, 0, 4, 0, 0 ], [ 0, 0, 0, 0, 0, 0 ], [ 0, 0, 0, 0, 0, 0 ] ],
      TheStab := rec(
          GRPperm := Group( [ (1,3)(2,4)(5,6), (2,5)(4,6) ] ),
          TheMatrGRP := 
           Group(
            [ [ [ 1, 0, 1, 0, 0, -1 ], [ 0, 1, 0, 0, 0, 0 ], [ 0, 0, -1, 0, 0, 2 ], [ 0, 0, 0, 1, 0, 0 ], 
                  [ 0, 0, 0, 0, 1, 0 ], [ 0, 0, 0, 0, 0, 1 ] ], 
              [ [ 1, 1, 0, 1, -1, 0 ], [ 0, 0, 0, -1, 1, 0 ], [ 0, 0, 1, 0, 0, 0 ], [ 0, -1, 0, 0, 1, 0 ], 
                  [ 0, 0, 0, 0, 1, 0 ], [ 0, 0, 0, 0, 0, 1 ] ] ]),
          phi := GroupHomomorphismByImages( Group( [ (1,3)(2,4)(5,6), (2,5)(4,6) ] ), Group(
            [ [ [ 1, 0, 1, 0, 0, -1 ], [ 0, 1, 0, 0, 0, 0 ], [ 0, 0, -1, 0, 0, 2 ], [ 0, 0, 0, 1, 0, 0 ], 
                  [ 0, 0, 0, 0, 1, 0 ], [ 0, 0, 0, 0, 0, 1 ] ], 
              [ [ 1, 1, 0, 1, -1, 0 ], [ 0, 0, 0, -1, 1, 0 ], [ 0, 0, 1, 0, 0, 0 ], [ 0, -1, 0, 0, 1, 0 ], 
                  [ 0, 0, 0, 0, 1, 0 ], [ 0, 0, 0, 0, 0, 1 ] ] ]), [ (1,3)(2,4)(5,6), (2,5)(4,6) ], 
            [ [ [ 1, 0, 1, 0, 0, -1 ], [ 0, 1, 0, 0, 0, 0 ], [ 0, 0, -1, 0, 0, 2 ], [ 0, 0, 0, 1, 0, 0 ], 
                  [ 0, 0, 0, 0, 1, 0 ], [ 0, 0, 0, 0, 0, 1 ] ], 
              [ [ 1, 1, 0, 1, -1, 0 ], [ 0, 0, 0, -1, 1, 0 ], [ 0, 0, 1, 0, 0, 0 ], [ 0, -1, 0, 0, 1, 0 ], 
                  [ 0, 0, 0, 0, 1, 0 ], [ 0, 0, 0, 0, 0, 1 ] ] ] ) ),
      VectSpace := [ [ 0, 0, 0, 1, 0 ], [ 0, 0, 0, 0, 1 ] ],
      n := 5 ), rec(
      EXT := [ [ 1, 1, 1, 1, -1, -1 ], [ 1, 1, 0, 0, -1, 0 ], [ 1, 1, 0, 1, -1, 0 ], [ 1, 0, 1, 0, 0, -1 ], 
          [ 1, 0, 1, 1, 0, -1 ], [ 1, 0, 0, 0, 0, 0 ] ],
      ListAdjacentVert := [ [ 1, 2, 0, 1, -2, 0 ], [ 1, 1, 1, 0, -1, -1 ], [ 1, 1, 1, 2, -1, -1 ], 
          [ 1, 0, 2, 1, 0, -2 ], [ 1, 1, -1, 0, -1, 1 ], [ 1, 0, 0, -1, 0, 0 ], [ 1, 0, 0, 1, 0, 0 ], 
          [ 1, -1, 1, 0, 1, -1 ], [ 1, 1, 1, 1, -1, -1 ], [ 1, 1, 0, 0, -1, 0 ], [ 1, 1, 0, 1, -1, 0 ], 
          [ 1, 0, 1, 0, 0, -1 ], [ 1, 0, 1, 1, 0, -1 ], [ 1, 0, 0, 0, 0, 0 ] ],
      TheQuadForm := [ [ 2, 1, -1, 0, 0 ], [ 1, 2, -1, 0, 0 ], [ -1, -1, 2, 0, 0 ], [ 0, 0, 0, 0, 0 ], 
          [ 0, 0, 0, 0, 0 ] ],
      TheQuadFunction := [ [ 0, -1, -1, 0, 0, 0 ], [ -1, 2, 1, -1, 0, 0 ], [ -1, 1, 2, -1, 0, 0 ], 
          [ 0, -1, -1, 2, 0, 0 ], [ 0, 0, 0, 0, 0, 0 ], [ 0, 0, 0, 0, 0, 0 ] ],
      TheStab := rec(
          GRPperm := Group( [ (2,4)(3,5), (1,2)(5,6), (1,3)(2,5)(4,6) ] ),
          TheMatrGRP := 
           Group(
            [ [ [ 1, 0, 0, 0, 0, 0 ], [ 0, 0, 1, 0, 1, -1 ], [ 0, 1, 0, 0, -1, 1 ], [ 0, 0, 0, 1, 0, 0 ], 
                  [ 0, 0, 0, 0, 1, 0 ], [ 0, 0, 0, 0, 0, 1 ] ], 
              [ [ 1, 0, 1, 1, 0, -1 ], [ 0, 1, 0, 0, 0, 0 ], [ 0, 0, 0, -1, 0, 1 ], [ 0, 0, -1, 0, 0, 1 ], 
                  [ 0, 0, 0, 0, 1, 0 ], [ 0, 0, 0, 0, 0, 1 ] ], 
              [ [ 1, 0, 1, 0, 0, -1 ], [ 0, 0, 0, 1, 1, 0 ], [ 0, 0, -1, 0, 0, 2 ], [ 0, 1, 0, 0, -1, 0 ], 
                  [ 0, 0, 0, 0, 1, 0 ], [ 0, 0, 0, 0, 0, 1 ] ] ]),
          phi := GroupHomomorphismByImages( Group( [ (2,4)(3,5), (1,2)(5,6), (1,3)(2,5)(4,6) ] ), Group(
            [ [ [ 1, 0, 0, 0, 0, 0 ], [ 0, 0, 1, 0, 1, -1 ], [ 0, 1, 0, 0, -1, 1 ], [ 0, 0, 0, 1, 0, 0 ], 
                  [ 0, 0, 0, 0, 1, 0 ], [ 0, 0, 0, 0, 0, 1 ] ], 
              [ [ 1, 0, 1, 1, 0, -1 ], [ 0, 1, 0, 0, 0, 0 ], [ 0, 0, 0, -1, 0, 1 ], [ 0, 0, -1, 0, 0, 1 ], 
                  [ 0, 0, 0, 0, 1, 0 ], [ 0, 0, 0, 0, 0, 1 ] ], 
              [ [ 1, 0, 1, 0, 0, -1 ], [ 0, 0, 0, 1, 1, 0 ], [ 0, 0, -1, 0, 0, 2 ], [ 0, 1, 0, 0, -1, 0 ], 
                  [ 0, 0, 0, 0, 1, 0 ], [ 0, 0, 0, 0, 0, 1 ] ] ]), [ (2,4)(3,5), (1,2)(5,6), (1,3)(2,5)(4,6) ], 
            [ [ [ 1, 0, 0, 0, 0, 0 ], [ 0, 0, 1, 0, 1, -1 ], [ 0, 1, 0, 0, -1, 1 ], [ 0, 0, 0, 1, 0, 0 ], 
                  [ 0, 0, 0, 0, 1, 0 ], [ 0, 0, 0, 0, 0, 1 ] ], 
              [ [ 1, 0, 1, 1, 0, -1 ], [ 0, 1, 0, 0, 0, 0 ], [ 0, 0, 0, -1, 0, 1 ], [ 0, 0, -1, 0, 0, 1 ], 
                  [ 0, 0, 0, 0, 1, 0 ], [ 0, 0, 0, 0, 0, 1 ] ], 
              [ [ 1, 0, 1, 0, 0, -1 ], [ 0, 0, 0, 1, 1, 0 ], [ 0, 0, -1, 0, 0, 2 ], [ 0, 1, 0, 0, -1, 0 ], 
                  [ 0, 0, 0, 0, 1, 0 ], [ 0, 0, 0, 0, 0, 1 ] ] ] ) ),
      VectSpace := [ [ 0, 0, 0, 1, 0 ], [ 0, 0, 0, 0, 1 ] ],
      n := 5 ) ];
